2000 2652
1 2 -4208
2 3 5560
3 4 3991
4 5 -9735
5 6 8145
6 7 2756
7 8 1411
8 9 -1117
9 10 15
10 11 -8645
11 12 -2229
12 13 -2752
13 14 -3848
14 15 -3513
15 16 -8790
16 17 901
17 18 4134
18 19 -776
19 20 7890
20 21 -5761
21 22 6163
22 23 3086
23 24 -3716
24 25 6802
25 26 3493
26 27 1150
27 28 4282
28 29 -3369
29 30 6354
30 31 3193
31 32 -4762
32 33 -4066
33 34 6914
34 35 -1661
35 36 9527
36 37 4663
37 38 323
38 39 4276
39 40 -9155
40 41 -6951
41 42 4748
42 43 5560
43 44 -1380
44 45 -8893
45 46 24
46 47 3842
47 48 4461
48 49 7631
49 50 7167
50 51 -4639
51 52 4452
52 53 -8230
53 54 -6861
54 55 -6586
55 56 2529
56 57 4483
57 58 -6840
58 59 8386
59 60 2827
60 61 9758
61 62 -5571
62 63 -3981
63 64 -6145
64 65 -7935
65 66 5800
66 67 452
67 68 6658
68 69 -9076
69 70 -6904
70 71 2274
71 72 -5604
72 73 4985
73 74 4954
74 75 -5132
75 76 -100
76 77 8749
77 78 566
78 79 9149
79 80 -9396
80 81 4775
81 82 6716
82 83 6686
83 84 1880
84 85 -4445
85 86 6786
86 87 -596
87 88 8406
88 89 -1998
89 90 -2588
90 91 2813
91 92 -8395
92 93 -949
93 94 -7032
94 95 -8070
95 96 9960
96 97 -4777
97 98 8173
98 99 499
99 100 -3684
100 101 -8835
101 102 -7232
102 103 9480
103 104 -7810
104 105 9260
105 106 -2218
106 107 -2152
107 108 6286
108 109 -1206
109 110 3573
110 111 1663
111 112 4266
112 113 6989
113 114 6419
114 115 -8653
115 116 -462
116 117 7722
117 118 -1315
118 119 -5303
119 120 9415
120 121 -3558
121 122 9101
122 123 -1050
123 124 -6139
124 125 -7039
125 126 -1372
126 127 53
127 128 7925
128 129 -7983
129 130 6965
130 131 2943
131 132 6497
132 133 -7120
133 134 -646
134 135 3336
135 136 9852
136 137 4573
137 138 -1687
138 139 4343
139 140 1169
140 141 8604
141 142 -253
142 143 642
143 144 3052
144 145 2984
145 146 5475
146 147 3850
147 148 -4289
148 149 6195
149 150 9647
150 151 5647
151 152 -1301
152 153 855
153 154 -4013
154 155 9332
155 156 -3711
156 157 2229
157 158 -7114
158 159 -8857
159 160 -415
160 161 -5057
161 162 7731
162 163 7344
163 164 -3627
164 165 -6050
165 166 -7889
166 167 -467
167 168 -1975
168 169 1325
169 170 -4589
170 171 6594
171 172 -3786
172 173 7304
173 174 -3033
174 175 -4156
175 176 -6734
176 177 -6523
177 178 -1670
178 179 8306
179 180 7374
180 181 -1545
181 182 4642
182 183 -5033
183 184 -4037
184 185 -1207
185 186 6515
186 187 -7564
187 188 573
188 189 4463
189 190 2926
190 191 -7855
191 192 -4713
192 193 5289
193 194 9333
194 195 -3401
195 196 -9604
196 197 -1982
197 198 -7951
198 199 6659
199 200 9442
200 201 -7940
201 202 -9019
202 203 9846
203 204 9650
204 205 2487
205 206 1439
206 207 3474
207 208 8614
208 209 3266
209 210 3449
210 211 -5871
211 212 -3011
212 213 -4508
213 214 -2209
214 215 -1243
215 216 -9932
216 217 -5413
217 218 2939
218 219 -9399
219 220 8619
220 221 3883
221 222 -2379
222 223 3475
223 224 -1623
224 225 -4943
225 226 -8385
226 227 -8177
227 228 5632
228 229 4334
229 230 1251
230 231 3427
231 232 3347
232 233 8923
233 234 6854
234 235 1800
235 236 7706
236 237 -5969
237 238 4354
238 239 3442
239 240 4486
240 241 -9640
241 242 -8946
242 243 -7660
243 244 2954
244 245 6889
245 246 7169
246 247 -616
247 248 -2500
248 249 1388
249 250 8706
250 251 6903
251 252 9594
252 253 1577
253 254 2377
254 255 -9952
255 256 9771
256 257 -9167
257 258 -3395
258 259 -7422
259 260 460
260 261 2740
261 262 -8579
262 263 -5101
263 264 4409
264 265 -6896
265 266 -776
266 267 2496
267 268 -2502
268 269 -7207
269 270 -2242
270 271 -244
271 272 2286
272 273 -9906
273 274 -9488
274 275 3937
275 276 -7030
276 277 4874
277 278 7391
278 279 -1834
279 280 -6218
280 281 -427
281 282 3455
282 283 -6776
283 284 9622
284 285 -6043
285 286 4056
286 287 2680
287 288 -1674
288 289 2357
289 290 -5274
290 291 -5646
291 292 -1790
292 293 -2525
293 294 2115
294 295 4441
295 296 -2283
296 297 2615
297 298 7935
298 299 6186
299 300 9597
300 301 -3223
301 302 -4885
302 303 6821
303 304 1123
304 305 5561
305 306 6679
306 307 549
307 308 -8578
308 309 2155
309 310 7000
310 311 -5422
311 312 -4359
312 313 -3371
313 314 8431
314 315 -1814
315 316 8180
316 317 6749
317 318 8461
318 319 5099
319 320 -8738
320 321 -6560
321 322 8236
322 323 860
323 324 1765
324 325 4923
325 326 7185
326 327 -6582
327 328 7522
328 329 5125
329 330 -7762
330 331 3309
331 332 7661
332 333 1032
333 334 6527
334 335 6647
335 336 -3035
336 337 -9812
337 338 -357
338 339 9177
339 340 7660
340 341 7793
341 342 -6787
342 343 4085
343 344 8075
344 345 -2720
345 346 -7782
346 347 -8824
347 348 9119
348 349 7981
349 350 1292
350 351 -1981
351 352 -1192
352 353 3023
353 354 9600
354 355 9976
355 356 6547
356 357 3901
357 358 737
358 359 -7994
359 360 -8312
360 361 -979
361 362 -5019
362 363 -9790
363 364 -8466
364 365 -3378
365 366 -8030
366 367 5234
367 368 -2
368 369 -2561
369 370 -4027
370 371 5654
371 372 -6590
372 373 6961
373 374 -3427
374 375 4240
375 376 1571
376 377 1995
377 378 7383
378 379 1375
379 380 -6052
380 381 7274
381 382 -9772
382 383 8355
383 384 3135
384 385 8040
385 386 8560
386 387 9836
387 388 5429
388 389 91
389 390 2518
390 391 157
391 392 -8668
392 393 -1720
393 394 6831
394 395 -7412
395 396 1042
396 397 -4381
397 398 494
398 399 770
399 400 -1121
400 401 3379
401 402 9983
402 403 7225
403 404 6994
404 405 3554
405 406 472
406 407 -919
407 408 8491
408 409 7878
409 410 -7715
410 411 -3207
411 412 -2586
412 413 2828
413 414 -3683
414 415 296
415 416 -2343
416 417 -394
417 418 -1839
418 419 6728
419 420 7402
420 421 -9381
421 422 9519
422 423 -761
423 424 1477
424 425 6047
425 426 8530
426 427 -6816
427 428 4125
428 429 -8598
429 430 3360
430 431 -5702
431 432 -5529
432 433 -7178
433 434 836
434 435 -4075
435 436 -3503
436 437 -8085
437 438 15
438 439 -9217
439 440 1711
440 441 -4051
441 442 6480
442 443 -9071
443 444 -2548
444 445 2165
445 446 -7312
446 447 -9159
447 448 5495
448 449 9972
449 450 -7013
450 451 -9698
451 452 4354
452 453 6570
453 454 8135
454 455 1769
455 456 -5917
456 457 -7411
457 458 558
458 459 -4596
459 460 4685
460 461 3977
461 462 371
462 463 -9595
463 464 3577
464 465 -9866
465 466 5663
466 467 -9850
467 468 4865
468 469 -5917
469 470 4497
470 471 -4265
471 472 1321
472 473 -2481
473 474 -2591
474 475 3666
475 476 5239
476 477 -9246
477 478 5107
478 479 -266
479 480 2572
480 481 -1009
481 482 6288
482 483 5414
483 484 -5728
484 485 9513
485 486 3442
486 487 471
487 488 -9442
488 489 2088
489 490 -3549
490 491 -7863
491 492 -5500
492 493 6070
493 494 -3408
494 495 7024
495 496 9437
496 497 -1665
497 498 -3325
498 499 830
499 500 -6362
500 501 2427
501 502 1911
502 503 -141
503 504 2262
504 505 6677
505 506 -9764
506 507 -1600
507 508 -9101
508 509 -8152
509 510 -3253
510 511 -7295
511 512 1431
512 513 4497
513 514 9969
514 515 6472
515 516 344
516 517 4155
517 518 5613
518 519 8400
519 520 -8466
520 521 8122
521 522 -1525
522 523 -2963
523 524 4445
524 525 2235
525 526 -8702
526 527 -5721
527 528 542
528 529 -1068
529 530 -6233
530 531 -7965
531 532 2701
532 533 1087
533 534 2064
534 535 7504
535 536 5568
536 537 1041
537 538 -2994
538 539 -5805
539 540 938
540 541 9088
541 542 -508
542 543 6243
543 544 626
544 545 -7882
545 546 -3466
546 547 -6034
547 548 -875
548 549 -143
549 550 4865
550 551 -3369
551 552 2389
552 553 9743
553 554 5889
554 555 152
555 556 7788
556 557 -1725
557 558 -533
558 559 -6549
559 560 7987
560 561 9139
561 562 -3337
562 563 3855
563 564 4189
564 565 1024
565 566 -1025
566 567 -9791
567 568 -302
568 569 5437
569 570 -8844
570 571 910
571 572 -7974
572 573 9019
573 574 -9111
574 575 3659
575 576 -3024
576 577 -4455
577 578 -5098
578 579 -3183
579 580 6452
580 581 5080
581 582 -4094
582 583 143
583 584 3034
584 585 1950
585 586 -7326
586 587 5323
587 588 3070
588 589 9821
589 590 -780
590 591 832
591 592 -7683
592 593 -1484
593 594 -2036
594 595 -7830
595 596 -7043
596 597 2443
597 598 6494
598 599 135
599 600 -4172
600 601 -3587
601 602 5893
602 603 -4835
603 604 9890
604 605 8067
605 606 -2327
606 607 -3900
607 608 -6
608 609 5251
609 610 -9639
610 611 2546
611 612 9487
612 613 -3517
613 614 4821
614 615 3159
615 616 -8524
616 617 -9906
617 618 9396
618 619 -105
619 620 -7959
620 621 9088
621 622 8555
622 623 7718
623 624 7888
624 625 -9419
625 626 -7552
626 627 -4596
627 628 3638
628 629 -4499
629 630 1700
630 631 8641
631 632 -3972
632 633 -622
633 634 895
634 635 -911
635 636 -8250
636 637 -9775
637 638 -3191
638 639 -2595
639 640 -7874
640 641 -2638
641 642 -3212
642 643 8143
643 644 -7489
644 645 -4757
645 646 -724
646 647 428
647 648 3340
648 649 -3251
649 650 -3573
650 651 -6258
651 652 4158
652 653 -7180
653 654 -2278
654 655 -9924
655 656 7557
656 657 3884
657 658 -3654
658 659 9605
659 660 -5458
660 661 -7123
661 662 -9945
662 663 -3731
663 664 9987
664 665 6559
665 666 33
666 667 4654
667 668 9687
668 669 1831
669 670 1300
670 671 -6178
671 672 982
672 673 9929
673 674 -274
674 675 -8322
675 676 -611
676 677 5539
677 678 -4215
678 679 2554
679 680 8296
680 681 -6473
681 682 2690
682 683 -8481
683 684 -7138
684 685 3629
685 686 9380
686 687 2193
687 688 -7185
688 689 -9064
689 690 -9435
690 691 -3778
691 692 9520
692 693 -6272
693 694 -4262
694 695 -3221
695 696 -9726
696 697 -6512
697 698 -2549
698 699 9393
699 700 -573
700 701 -4338
701 702 1387
702 703 -3577
703 704 5238
704 705 -8380
705 706 -1025
706 707 5539
707 708 2303
708 709 -3992
709 710 -522
710 711 -69
711 712 -5827
712 713 -8840
713 714 3707
714 715 -5010
715 716 8130
716 717 678
717 718 7806
718 719 -2662
719 720 -5895
720 721 -2707
721 722 2563
722 723 -5536
723 724 -8911
724 725 -7575
725 726 3486
726 727 -6342
727 728 9435
728 729 -1452
729 730 -761
730 731 7945
731 732 9025
732 733 -4244
733 734 5838
734 735 -460
735 736 1274
736 737 2719
737 738 -2880
738 739 -5615
739 740 -2671
740 741 3589
741 742 -273
742 743 8416
743 744 -8780
744 745 7329
745 746 -3354
746 747 2790
747 748 3599
748 749 9798
749 750 817
750 751 -3475
751 752 6308
752 753 3311
753 754 709
754 755 -6109
755 756 9903
756 757 1497
757 758 -8329
758 759 -306
759 760 -7814
760 761 3144
761 762 4795
762 763 -4726
763 764 -8592
764 765 -9939
765 766 9627
766 767 1438
767 768 -9789
768 769 -9517
769 770 -2705
770 771 -1310
771 772 -8474
772 773 8240
773 774 7164
774 775 -9650
775 776 2660
776 777 -6161
777 778 638
778 779 9245
779 780 3169
780 781 -5897
781 782 6869
782 783 -4708
783 784 5846
784 785 -9933
785 786 2744
786 787 -7403
787 788 -6862
788 789 -6866
789 790 9164
790 791 7626
791 792 2980
792 793 3491
793 794 -7926
794 795 -6925
795 796 1543
796 797 7233
797 798 -211
798 799 -7403
799 800 3810
800 801 -3685
801 802 2910
802 803 8173
803 804 6182
804 805 -8391
805 806 -6515
806 807 1674
807 808 -8630
808 809 5209
809 810 -2319
810 811 2122
811 812 -851
812 813 8902
813 814 -7062
814 815 -1143
815 816 5166
816 817 7040
817 818 6194
818 819 -514
819 820 -1216
820 821 -6869
821 822 5804
822 823 1327
823 824 -2163
824 825 5693
825 826 -8804
826 827 8478
827 828 -3600
828 829 975
829 830 -3233
830 831 -5463
831 832 1160
832 833 6900
833 834 -8156
834 835 1818
835 836 -2737
836 837 -8868
837 838 7893
838 839 -6522
839 840 -6035
840 841 -6619
841 842 -2383
842 843 4003
843 844 9356
844 845 -7891
845 846 -756
846 847 9778
847 848 -7745
848 849 -9561
849 850 8767
850 851 7175
851 852 -928
852 853 -9381
853 854 6693
854 855 8773
855 856 1835
856 857 472
857 858 -697
858 859 9977
859 860 -9506
860 861 9088
861 862 9067
862 863 6897
863 864 3548
864 865 3174
865 866 4205
866 867 -1464
867 868 5690
868 869 -5767
869 870 -6460
870 871 -4439
871 872 -3927
872 873 6634
873 874 9834
874 875 8372
875 876 8547
876 877 -4779
877 878 -8434
878 879 -6491
879 880 -88
880 881 -8171
881 882 -8319
882 883 802
883 884 831
884 885 -7431
885 886 8922
886 887 5555
887 888 -168
888 889 3421
889 890 -5316
890 891 449
891 892 5592
892 893 -7356
893 894 -2708
894 895 -302
895 896 -4994
896 897 -8067
897 898 -1105
898 899 -9914
899 900 2360
900 901 -3969
901 902 -8081
902 903 3931
903 904 2945
904 905 -8565
905 906 -1616
906 907 -3141
907 908 -9692
908 909 8807
909 910 -7133
910 911 -268
911 912 -1333
912 913 -7209
913 914 7101
914 915 7783
915 916 8345
916 917 1763
917 918 -9031
918 919 -5923
919 920 6190
920 921 -9239
921 922 -8962
922 923 1139
923 924 8412
924 925 6887
925 926 -4163
926 927 -9658
927 928 -6787
928 929 -2233
929 930 4830
930 931 -1053
931 932 5422
932 933 2457
933 934 2064
934 935 6161
935 936 4667
936 937 -1749
937 938 -9265
938 939 -1270
939 940 9293
940 941 7590
941 942 3710
942 943 -6302
943 944 1275
944 945 -4864
945 946 3103
946 947 3917
947 948 9041
948 949 6565
949 950 4240
950 951 -6319
951 952 -2070
952 953 -3191
953 954 -8782
954 955 7286
955 956 -8118
956 957 -6534
957 958 -5914
958 959 8250
959 960 8895
960 961 5225
961 962 1553
962 963 7382
963 964 6499
964 965 -6594
965 966 -3728
966 967 -9481
967 968 -8128
968 969 -9095
969 970 -2498
970 971 2151
971 972 4530
972 973 -5827
973 974 3039
974 975 8903
975 976 -1948
976 977 8622
977 978 8443
978 979 6157
979 980 -4104
980 981 -6660
981 982 -4395
982 983 8684
983 984 6081
984 985 -9192
985 986 -2869
986 987 -5968
987 988 -5278
988 989 2577
989 990 -5611
990 991 4178
991 992 1478
992 993 123
993 994 -4938
994 995 112
995 996 -5208
996 997 5478
997 998 -6287
998 999 2500
999 1000 765
1000 1001 8713
1001 1002 -8848
1002 1003 -8143
1003 1004 3643
1004 1005 2592
1005 1006 -6957
1006 1007 6109
1007 1008 -99
1008 1009 7624
1009 1010 8083
1010 1011 -5543
1011 1012 -2737
1012 1013 4077
1013 1014 -2201
1014 1015 -3297
1015 1016 -5736
1016 1017 -1649
1017 1018 -8969
1018 1019 -7756
1019 1020 619
1020 1021 1396
1021 1022 -4417
1022 1023 -2385
1023 1024 -9045
1024 1025 2822
1025 1026 -2033
1026 1027 -9682
1027 1028 8916
1028 1029 7053
1029 1030 -7009
1030 1031 65
1031 1032 -6352
1032 1033 5448
1033 1034 7635
1034 1035 -7274
1035 1036 -5284
1036 1037 -6617
1037 1038 1243
1038 1039 -2633
1039 1040 -1473
1040 1041 8951
1041 1042 -1924
1042 1043 8029
1043 1044 9518
1044 1045 -9643
1045 1046 -8498
1046 1047 7608
1047 1048 1871
1048 1049 585
1049 1050 -2743
1050 1051 9031
1051 1052 -3689
1052 1053 -988
1053 1054 6987
1054 1055 7952
1055 1056 -9023
1056 1057 -6434
1057 1058 -7540
1058 1059 9578
1059 1060 -3724
1060 1061 7509
1061 1062 -2605
1062 1063 -9631
1063 1064 -4121
1064 1065 -7626
1065 1066 -2062
1066 1067 -2862
1067 1068 3074
1068 1069 6130
1069 1070 4942
1070 1071 -5190
1071 1072 -9298
1072 1073 -5678
1073 1074 -6916
1074 1075 -1646
1075 1076 -4332
1076 1077 6244
1077 1078 -9176
1078 1079 2729
1079 1080 -1477
1080 1081 1217
1081 1082 -5509
1082 1083 7048
1083 1084 -4893
1084 1085 -4301
1085 1086 5499
1086 1087 -4500
1087 1088 2528
1088 1089 -7332
1089 1090 6834
1090 1091 -1490
1091 1092 9494
1092 1093 -4969
1093 1094 -2822
1094 1095 -3738
1095 1096 -3700
1096 1097 4236
1097 1098 -1182
1098 1099 -8614
1099 1100 5918
1100 1101 -2638
1101 1102 -5557
1102 1103 -8305
1103 1104 5942
1104 1105 7429
1105 1106 1914
1106 1107 1316
1107 1108 -3168
1108 1109 1801
1109 1110 -1533
1110 1111 1028
1111 1112 -2721
1112 1113 715
1113 1114 -3336
1114 1115 6628
1115 1116 3818
1116 1117 -7533
1117 1118 2406
1118 1119 2450
1119 1120 1688
1120 1121 -3643
1121 1122 5033
1122 1123 -6324
1123 1124 -8098
1124 1125 4183
1125 1126 3254
1126 1127 -4160
1127 1128 8578
1128 1129 7605
1129 1130 -6719
1130 1131 -330
1131 1132 -2921
1132 1133 -8729
1133 1134 -4646
1134 1135 4137
1135 1136 135
1136 1137 4514
1137 1138 3372
1138 1139 9436
1139 1140 975
1140 1141 -8662
1141 1142 3978
1142 1143 262
1143 1144 6025
1144 1145 3762
1145 1146 6655
1146 1147 9189
1147 1148 8419
1148 1149 -9588
1149 1150 -9098
1150 1151 -5702
1151 1152 -4686
1152 1153 -9559
1153 1154 4847
1154 1155 3637
1155 1156 -7398
1156 1157 6922
1157 1158 -3520
1158 1159 -5359
1159 1160 -4967
1160 1161 1709
1161 1162 9039
1162 1163 3260
1163 1164 8077
1164 1165 -4193
1165 1166 -3417
1166 1167 7904
1167 1168 253
1168 1169 3103
1169 1170 -6978
1170 1171 7213
1171 1172 -2799
1172 1173 -2133
1173 1174 -1161
1174 1175 6424
1175 1176 8349
1176 1177 -6462
1177 1178 8117
1178 1179 -9249
1179 1180 3664
1180 1181 1776
1181 1182 7119
1182 1183 -2722
1183 1184 -403
1184 1185 -8552
1185 1186 5795
1186 1187 -2420
1187 1188 -5265
1188 1189 3104
1189 1190 -3662
1190 1191 9765
1191 1192 -2002
1192 1193 -9676
1193 1194 8228
1194 1195 -3792
1195 1196 -6306
1196 1197 -3696
1197 1198 -1290
1198 1199 6605
1199 1200 -8807
1200 1201 -8764
1201 1202 1608
1202 1203 8648
1203 1204 357
1204 1205 -2598
1205 1206 6336
1206 1207 -7678
1207 1208 -1812
1208 1209 -6607
1209 1210 759
1210 1211 -9180
1211 1212 -7858
1212 1213 -6662
1213 1214 7057
1214 1215 -9878
1215 1216 -1702
1216 1217 -2995
1217 1218 3594
1218 1219 -6012
1219 1220 -9203
1220 1221 -1453
1221 1222 1377
1222 1223 8734
1223 1224 8227
1224 1225 392
1225 1226 5685
1226 1227 1520
1227 1228 6479
1228 1229 -2227
1229 1230 -8024
1230 1231 -2569
1231 1232 6784
1232 1233 6986
1233 1234 -6447
1234 1235 -5258
1235 1236 -1192
1236 1237 8889
1237 1238 9755
1238 1239 1482
1239 1240 7237
1240 1241 -6774
1241 1242 -8229
1242 1243 8667
1243 1244 8646
1244 1245 3569
1245 1246 -1761
1246 1247 -5731
1247 1248 -4350
1248 1249 5769
1249 1250 1259
1250 1251 3049
1251 1252 -7681
1252 1253 -7184
1253 1254 -907
1254 1255 -2755
1255 1256 -4826
1256 1257 7125
1257 1258 -1528
1258 1259 -7428
1259 1260 -3269
1260 1261 -7261
1261 1262 1331
1262 1263 3710
1263 1264 6863
1264 1265 -6484
1265 1266 7716
1266 1267 -235
1267 1268 -4700
1268 1269 1488
1269 1270 8888
1270 1271 179
1271 1272 7988
1272 1273 511
1273 1274 8217
1274 1275 -174
1275 1276 -654
1276 1277 5602
1277 1278 6020
1278 1279 6155
1279 1280 2149
1280 1281 -574
1281 1282 7744
1282 1283 -8087
1283 1284 9831
1284 1285 9681
1285 1286 -6525
1286 1287 5719
1287 1288 3186
1288 1289 3868
1289 1290 6665
1290 1291 7326
1291 1292 6510
1292 1293 7170
1293 1294 6169
1294 1295 -1875
1295 1296 880
1296 1297 -7640
1297 1298 7293
1298 1299 2464
1299 1300 8983
1300 1301 4017
1301 1302 -3750
1302 1303 -5406
1303 1304 -3052
1304 1305 -6120
1305 1306 -9709
1306 1307 3014
1307 1308 5200
1308 1309 -5621
1309 1310 -2132
1310 1311 4575
1311 1312 9360
1312 1313 -4522
1313 1314 -9232
1314 1315 -6462
1315 1316 4817
1316 1317 -3293
1317 1318 -2448
1318 1319 3093
1319 1320 -8708
1320 1321 -3032
1321 1322 4491
1322 1323 -2933
1323 1324 -384
1324 1325 -7106
1325 1326 7754
1326 1327 -6120
1327 1328 -2231
1328 1329 -1289
1329 1330 -6539
1330 1331 -4990
1331 1332 7651
1332 1333 8584
1333 1334 4038
1334 1335 -8619
1335 1336 1907
1336 1337 -7904
1337 1338 3232
1338 1339 -6218
1339 1340 6378
1340 1341 9300
1341 1342 -4259
1342 1343 7622
1343 1344 -1137
1344 1345 2628
1345 1346 4992
1346 1347 179
1347 1348 4827
1348 1349 -8101
1349 1350 8368
1350 1351 4338
1351 1352 -4314
1352 1353 2252
1353 1354 -739
1354 1355 -3859
1355 1356 1681
1356 1357 1200
1357 1358 -7244
1358 1359 7624
1359 1360 -1204
1360 1361 2983
1361 1362 -6522
1362 1363 -8651
1363 1364 -7693
1364 1365 -3323
1365 1366 -6643
1366 1367 -7127
1367 1368 6184
1368 1369 -6557
1369 1370 38
1370 1371 4861
1371 1372 2650
1372 1373 -9454
1373 1374 -967
1374 1375 2346
1375 1376 1912
1376 1377 9307
1377 1378 2320
1378 1379 -5116
1379 1380 1087
1380 1381 -5246
1381 1382 -2945
1382 1383 -1713
1383 1384 -2581
1384 1385 4515
1385 1386 -5315
1386 1387 -2574
1387 1388 8479
1388 1389 -8852
1389 1390 4548
1390 1391 -5971
1391 1392 6779
1392 1393 4767
1393 1394 -7900
1394 1395 -9781
1395 1396 -2720
1396 1397 -7740
1397 1398 6801
1398 1399 -6889
1399 1400 -5943
1400 1401 8631
1401 1402 -7025
1402 1403 4614
1403 1404 -6994
1404 1405 8313
1405 1406 9349
1406 1407 -870
1407 1408 2169
1408 1409 -6250
1409 1410 6912
1410 1411 8355
1411 1412 -7360
1412 1413 2043
1413 1414 -84
1414 1415 -6026
1415 1416 1858
1416 1417 6953
1417 1418 5210
1418 1419 3717
1419 1420 3476
1420 1421 3912
1421 1422 -6813
1422 1423 1460
1423 1424 3679
1424 1425 -2084
1425 1426 -4107
1426 1427 -2375
1427 1428 -2274
1428 1429 3967
1429 1430 4276
1430 1431 9832
1431 1432 -9048
1432 1433 -3323
1433 1434 -1418
1434 1435 -2367
1435 1436 -9905
1436 1437 -3472
1437 1438 -9679
1438 1439 9935
1439 1440 -8008
1440 1441 1652
1441 1442 3863
1442 1443 -4645
1443 1444 -5777
1444 1445 812
1445 1446 2920
1446 1447 6413
1447 1448 -989
1448 1449 6722
1449 1450 5056
1450 1451 -4013
1451 1452 -8915
1452 1453 1724
1453 1454 3413
1454 1455 -7748
1455 1456 6957
1456 1457 -3384
1457 1458 -3219
1458 1459 -7980
1459 1460 4280
1460 1461 -8041
1461 1462 5439
1462 1463 -5559
1463 1464 -1727
1464 1465 -3067
1465 1466 -7124
1466 1467 8827
1467 1468 5664
1468 1469 5407
1469 1470 -1863
1470 1471 9628
1471 1472 1010
1472 1473 5644
1473 1474 4445
1474 1475 -46
1475 1476 2032
1476 1477 5861
1477 1478 -4554
1478 1479 2762
1479 1480 -2017
1480 1481 6705
1481 1482 -5920
1482 1483 -9822
1483 1484 8499
1484 1485 -868
1485 1486 -7670
1486 1487 5042
1487 1488 -5037
1488 1489 392
1489 1490 282
1490 1491 4875
1491 1492 -6802
1492 1493 -138
1493 1494 -9747
1494 1495 3116
1495 1496 -6728
1496 1497 -4720
1497 1498 4957
1498 1499 6081
1499 1500 -3403
1500 1501 2013
1501 1502 2636
1502 1503 1878
1503 1504 4918
1504 1505 9346
1505 1506 1678
1506 1507 2007
1507 1508 -6340
1508 1509 6151
1509 1510 -3
1510 1511 -2172
1511 1512 422
1512 1513 -3903
1513 1514 -118
1514 1515 -8862
1515 1516 -1559
1516 1517 -1454
1517 1518 5300
1518 1519 -997
1519 1520 4222
1520 1521 -5267
1521 1522 7853
1522 1523 5194
1523 1524 -9303
1524 1525 607
1525 1526 6099
1526 1527 -1757
1527 1528 9480
1528 1529 8114
1529 1530 -4563
1530 1531 -2071
1531 1532 3149
1532 1533 6035
1533 1534 -7164
1534 1535 -5339
1535 1536 -4213
1536 1537 8735
1537 1538 2227
1538 1539 -2258
1539 1540 3916
1540 1541 -6408
1541 1542 -8908
1542 1543 -3530
1543 1544 -2997
1544 1545 2225
1545 1546 -4747
1546 1547 -2230
1547 1548 933
1548 1549 -9313
1549 1550 -5644
1550 1551 -4866
1551 1552 51
1552 1553 -8794
1553 1554 4185
1554 1555 8782
1555 1556 -6203
1556 1557 1723
1557 1558 7772
1558 1559 -5103
1559 1560 8317
1560 1561 3216
1561 1562 -8210
1562 1563 -5874
1563 1564 9805
1564 1565 -7717
1565 1566 8482
1566 1567 -8477
1567 1568 9167
1568 1569 -5021
1569 1570 -4919
1570 1571 -1130
1571 1572 -9081
1572 1573 2043
1573 1574 -4546
1574 1575 -6522
1575 1576 3143
1576 1577 -2253
1577 1578 4060
1578 1579 8272
1579 1580 5870
1580 1581 -3191
1581 1582 1325
1582 1583 -58
1583 1584 -9585
1584 1585 -3966
1585 1586 6498
1586 1587 2647
1587 1588 4620
1588 1589 -7867
1589 1590 -837
1590 1591 835
1591 1592 3709
1592 1593 -2440
1593 1594 -9230
1594 1595 1906
1595 1596 8955
1596 1597 -9460
1597 1598 -7681
1598 1599 -624
1599 1600 4164
1600 1601 4706
1601 1602 5293
1602 1603 -3771
1603 1604 -7286
1604 1605 -7559
1605 1606 1640
1606 1607 -3430
1607 1608 -4709
1608 1609 4266
1609 1610 8676
1610 1611 -5645
1611 1612 -8608
1612 1613 5016
1613 1614 9447
1614 1615 -9845
1615 1616 8349
1616 1617 8034
1617 1618 -9642
1618 1619 -8886
1619 1620 5427
1620 1621 -2028
1621 1622 -4512
1622 1623 9682
1623 1624 3107
1624 1625 -5750
1625 1626 9376
1626 1627 -2325
1627 1628 940
1628 1629 3761
1629 1630 8525
1630 1631 -8850
1631 1632 -9768
1632 1633 -7507
1633 1634 -9209
1634 1635 -4715
1635 1636 -3203
1636 1637 -4690
1637 1638 -3807
1638 1639 3112
1639 1640 6061
1640 1641 -2263
1641 1642 9958
1642 1643 -3940
1643 1644 -7612
1644 1645 5779
1645 1646 -9892
1646 1647 5876
1647 1648 3907
1648 1649 -9454
1649 1650 551
1650 1651 8102
1651 1652 8207
1652 1653 -7377
1653 1654 9683
1654 1655 -6762
1655 1656 -1827
1656 1657 -1418
1657 1658 8155
1658 1659 -6407
1659 1660 -5876
1660 1661 5277
1661 1662 742
1662 1663 9594
1663 1664 -695
1664 1665 -5565
1665 1666 -3749
1666 1667 -9694
1667 1668 1854
1668 1669 -6513
1669 1670 7255
1670 1671 4696
1671 1672 7175
1672 1673 -1941
1673 1674 -6290
1674 1675 8721
1675 1676 -3059
1676 1677 8278
1677 1678 -9834
1678 1679 3086
1679 1680 6504
1680 1681 -7459
1681 1682 2360
1682 1683 9578
1683 1684 9196
1684 1685 3354
1685 1686 -4480
1686 1687 1781
1687 1688 9013
1688 1689 5708
1689 1690 1613
1690 1691 4410
1691 1692 2347
1692 1693 3940
1693 1694 -2567
1694 1695 1250
1695 1696 1426
1696 1697 8267
1697 1698 -1941
1698 1699 -7627
1699 1700 -1957
1700 1701 -2818
1701 1702 -2326
1702 1703 -6115
1703 1704 8062
1704 1705 -1827
1705 1706 3138
1706 1707 507
1707 1708 -6789
1708 1709 3926
1709 1710 4295
1710 1711 5943
1711 1712 -6990
1712 1713 9120
1713 1714 -4941
1714 1715 -4329
1715 1716 4738
1716 1717 4509
1717 1718 -5621
1718 1719 6247
1719 1720 981
1720 1721 7248
1721 1722 -4283
1722 1723 -3788
1723 1724 4291
1724 1725 1300
1725 1726 -8677
1726 1727 -5668
1727 1728 2206
1728 1729 -3188
1729 1730 5042
1730 1731 -6003
1731 1732 -1571
1732 1733 3105
1733 1734 5561
1734 1735 -9033
1735 1736 -2145
1736 1737 -9558
1737 1738 -5774
1738 1739 -8590
1739 1740 1398
1740 1741 -9067
1741 1742 -527
1742 1743 -1959
1743 1744 8485
1744 1745 -710
1745 1746 -208
1746 1747 -8618
1747 1748 1519
1748 1749 5
1749 1750 -1822
1750 1751 3464
1751 1752 -6515
1752 1753 4627
1753 1754 -3057
1754 1755 974
1755 1756 -2247
1756 1757 -4785
1757 1758 -915
1758 1759 -3933
1759 1760 -1797
1760 1761 7341
1761 1762 2389
1762 1763 -9072
1763 1764 941
1764 1765 6345
1765 1766 4777
1766 1767 -9868
1767 1768 7277
1768 1769 -7748
1769 1770 -3769
1770 1771 -5975
1771 1772 6020
1772 1773 3129
1773 1774 -8710
1774 1775 8766
1775 1776 2633
1776 1777 7518
1777 1778 5631
1778 1779 3284
1779 1780 3758
1780 1781 41
1781 1782 -3301
1782 1783 -2202
1783 1784 -3137
1784 1785 9043
1785 1786 3094
1786 1787 -526
1787 1788 -2577
1788 1789 1314
1789 1790 2312
1790 1791 -5566
1791 1792 2849
1792 1793 -7074
1793 1794 5402
1794 1795 -728
1795 1796 5709
1796 1797 3758
1797 1798 -9865
1798 1799 5813
1799 1800 3124
1800 1801 -3617
1801 1802 -564
1802 1803 -8466
1803 1804 6524
1804 1805 1128
1805 1806 -6300
1806 1807 5805
1807 1808 -8693
1808 1809 5019
1809 1810 -6343
1810 1811 457
1811 1812 9224
1812 1813 1297
1813 1814 9074
1814 1815 -5600
1815 1816 -8460
1816 1817 -6336
1817 1818 669
1818 1819 -577
1819 1820 -5923
1820 1821 -5229
1821 1822 9612
1822 1823 -3419
1823 1824 -7962
1824 1825 4554
1825 1826 7974
1826 1827 -4959
1827 1828 -6063
1828 1829 -6036
1829 1830 9537
1830 1831 -5717
1831 1832 1476
1832 1833 -6825
1833 1834 485
1834 1835 -6120
1835 1836 -8726
1836 1837 -7729
1837 1838 -6268
1838 1839 -3968
1839 1840 9476
1840 1841 -4557
1841 1842 5909
1842 1843 -7714
1843 1844 5547
1844 1845 4689
1845 1846 -1167
1846 1847 7969
1847 1848 -8234
1848 1849 -8125
1849 1850 1468
1850 1851 4130
1851 1852 8674
1852 1853 4329
1853 1854 -3189
1854 1855 3083
1855 1856 -9509
1856 1857 -2203
1857 1858 5229
1858 1859 668
1859 1860 -1063
1860 1861 8485
1861 1862 2053
1862 1863 5847
1863 1864 5648
1864 1865 -1388
1865 1866 -5762
1866 1867 3896
1867 1868 -3040
1868 1869 -6300
1869 1870 -5576
1870 1871 -3459
1871 1872 -2102
1872 1873 -1761
1873 1874 -4622
1874 1875 -5548
1875 1876 3240
1876 1877 2620
1877 1878 -6261
1878 1879 1756
1879 1880 5683
1880 1881 -2822
1881 1882 2010
1882 1883 -6207
1883 1884 952
1884 1885 6195
1885 1886 -7609
1886 1887 8472
1887 1888 715
1888 1889 -6085
1889 1890 -764
1890 1891 1127
1891 1892 6192
1892 1893 4990
1893 1894 6757
1894 1895 -3407
1895 1896 -5677
1896 1897 -1572
1897 1898 8643
1898 1899 7811
1899 1900 -9051
1900 1901 -9034
1901 1902 4734
1902 1903 9792
1903 1904 -4646
1904 1905 7474
1905 1906 -5033
1906 1907 3745
1907 1908 -1259
1908 1909 3448
1909 1910 1875
1910 1911 -5869
1911 1912 9084
1912 1913 4951
1913 1914 -7692
1914 1915 -251
1915 1916 840
1916 1917 -1463
1917 1918 7998
1918 1919 -8140
1919 1920 3140
1920 1921 4424
1921 1922 -1352
1922 1923 -3239
1923 1924 4768
1924 1925 -4827
1925 1926 -2339
1926 1927 8376
1927 1928 -6010
1928 1929 -4399
1929 1930 1927
1930 1931 2980
1931 1932 7693
1932 1933 -2312
1933 1934 -6932
1934 1935 2476
1935 1936 5515
1936 1937 2829
1937 1938 4877
1938 1939 8603
1939 1940 -3122
1940 1941 7230
1941 1942 -3425
1942 1943 -2626
1943 1944 -7592
1944 1945 -9022
1945 1946 51
1946 1947 -52
1947 1948 3363
1948 1949 1746
1949 1950 -3720
1950 1951 -8014
1951 1952 1070
1952 1953 1588
1953 1954 1461
1954 1955 -4813
1955 1956 -6568
1956 1957 5930
1957 1958 -3077
1958 1959 -8256
1959 1960 7599
1960 1961 8264
1961 1962 -2564
1962 1963 -9883
1963 1964 -1835
1964 1965 8223
1965 1966 9000
1966 1967 1356
1967 1968 -9013
1968 1969 5496
1969 1970 5737
1970 1971 419
1971 1972 -507
1972 1973 385
1973 1974 2437
1974 1975 7314
1975 1976 5070
1976 1977 -3442
1977 1978 1871
1978 1979 -1120
1979 1980 -3826
1980 1981 3194
1981 1982 -2761
1982 1983 8060
1983 1984 -861
1984 1985 5853
1985 1986 -4569
1986 1987 5939
1987 1988 -6672
1988 1989 9723
1989 1990 9742
1990 1991 779
1991 1992 -1840
1992 1993 6836
1993 1994 7346
1994 1995 -1415
1995 1996 5175
1996 1997 3060
1997 1998 7881
1998 1999 -7826
1999 2000 8326
1 1781 -4712
3 768 6463
5 1194 -96
7 1342 171
8 1915 -1721
9 445 -3
11 678 392
15 1300 187
20 1933 -3265
22 580 4281
26 1362 -6521
28 1272 -7340
30 1209 -9152
34 346 4134
36 354 2972
38 788 -1196
41 437 -4487
42 540 5345
45 1946 2756
47 427 -7033
48 620 -8543
54 79 -7396
60 689 -8829
61 1829 -3700
69 1730 3838
71 588 7485
77 55 -9284
86 532 -5170
99 952 -8416
103 1563 -9405
105 1723 -3150
106 619 9448
109 1509 -4605
110 1808 995
120 1253 9658
125 1215 -3129
127 204 -5843
131 754 6309
135 1953 -8103
141 1691 7223
155 1467 -5083
159 469 9300
173 344 -7005
176 1581 4608
177 1702 488
178 1675 -1511
181 1384 5188
185 175 4250
189 1299 -6303
192 963 2275
193 1399 9728
195 1853 -4371
196 1562 -9576
197 1870 -8783
200 581 4716
201 1606 3251
204 1791 -140
209 454 6196
210 8 3742
211 1943 -346
217 1983 3946
224 1369 -3480
227 1596 -129
228 719 -8702
229 86 -7903
230 738 -9894
234 100 3280
235 1022 -5301
239 1220 9337
240 585 6970
241 118 -9336
249 790 -5761
254 278 5458
257 1181 5735
264 1144 -4514
265 1474 3174
266 1102 4701
269 193 3019
271 1749 -8562
272 1938 -3904
280 576 -114
281 1886 4186
283 929 -7990
284 1113 -5824
287 59 2350
289 1509 1170
291 1754 8641
292 403 -6855
294 163 -8412
295 679 5865
301 292 5217
302 436 4137
303 433 -818
306 748 6948
308 326 7901
310 1356 -7536
317 758 3079
318 1533 -345
321 855 -3269
323 1913 -7129
329 788 5852
331 1037 1655
333 156 -3191
335 123 -8079
336 1200 4680
342 233 8682
343 5 -2393
346 455 -7201
348 1872 -9970
352 1928 17
355 242 -6066
357 633 8279
360 1469 2290
361 115 -1990
367 1259 9375
369 1356 -3538
371 134 -3301
373 1313 4747
379 1863 -3428
383 1860 6531
387 92 2863
389 1928 -20
391 1454 -5318
392 1804 -7514
398 1014 8308
405 551 4235
410 579 -6156
411 46 3105
413 1261 6038
415 1600 -6325
418 1550 3327
423 1569 6567
425 1134 -2469
427 1698 -4995
429 1463 -9439
432 930 -5141
434 1088 -8406
436 1854 -578
438 1076 -8687
439 346 6502
441 1714 -5549
442 306 6720
445 676 8042
446 1589 4854
450 1666 5270
452 40 4483
456 1228 2471
465 1602 7219
466 1719 9955
469 1652 173
472 1159 5981
474 1817 -9741
478 873 -4203
479 1950 -3180
480 460 9956
489 765 -7649
499 430 -6786
506 795 1270
508 1555 3133
510 646 -8029
511 508 6680
512 1424 -5817
513 100 3847
514 1149 -5853
517 981 6912
520 1587 9090
523 658 415
527 1633 5329
528 502 -7443
542 1451 1788
543 585 -9113
545 1626 -7166
555 931 -9474
562 682 9217
565 1274 -6234
568 343 8067
571 1666 -7672
572 1535 153
573 356 -9947
581 418 7615
582 1297 5255
589 728 8024
594 1889 -128
596 858 -9188
601 168 -7936
606 1689 -702
609 1744 -6481
611 423 -1162
613 410 1509
618 611 2855
620 752 9117
629 1560 -9217
631 1288 6107
634 1567 4026
637 328 -8222
638 1059 788
640 801 -7497
647 938 -5866
653 1268 8232
655 132 9847
656 651 -9885
659 429 -5870
665 1735 7190
666 848 1300
667 679 -3509
669 106 -6464
673 799 -499
675 1029 1001
680 577 2531
689 830 6082
692 757 -2408
698 827 3421
701 1344 -1097
704 49 -1790
708 1100 -6414
711 785 8943
713 1016 2350
717 181 2480
719 1482 1111
720 1017 -3973
723 725 -2533
728 567 3953
729 1792 -59
731 1908 7756
734 74 -7001
739 311 1866
748 521 -3243
753 386 8050
756 896 -4470
758 1610 4062
762 1943 3826
764 1989 5987
767 418 -8981
768 1987 -5162
770 89 -8231
771 927 -6135
774 237 -1969
777 494 -8126
781 1561 -5089
782 158 -4865
788 1407 7464
791 1225 -5275
793 1574 8647
794 1743 -846
796 1924 3607
798 1484 7220
800 1255 -1003
803 1945 -3473
812 893 -5858
814 1845 7052
818 1431 9472
820 1012 1409
821 1219 3443
822 389 -3851
823 1679 432
825 1922 -2159
827 168 -5786
835 1761 8353
836 1201 443
842 244 2715
844 538 -4534
845 1312 2793
849 984 -1580
857 1695 6388
860 1767 -5541
861 417 -5914
862 1493 -1328
866 1403 801
867 931 -5073
870 1607 -8031
873 1887 2204
876 1766 -7957
883 1827 -2043
888 190 4126
891 334 -666
892 5 9099
893 1815 -1436
898 110 -346
899 1788 9322
900 645 -1833
906 552 3289
909 138 9841
910 1513 2953
919 873 -285
931 551 1650
933 1183 2758
935 512 -1302
936 1188 -5528
940 262 6741
942 963 -6770
943 661 -1224
947 889 2157
948 1876 1182
949 1152 -6236
952 519 8124
954 1329 2035
955 866 -3584
956 475 1684
958 1399 4335
959 890 -970
966 456 6658
974 1327 7068
975 1230 -7364
976 1329 -8120
979 1683 -4418
980 91 817
983 462 3741
995 168 32
996 397 -9244
997 1409 6248
1003 1513 -2430
1004 970 337
1005 1178 -62
1012 287 -7561
1019 1392 1645
1020 1954 2554
1023 1596 717
1028 693 6565
1034 1071 3914
1036 1921 4462
1042 1141 -4868
1043 1873 -7510
1044 1769 5590
1045 448 -1053
1048 312 1597
1049 1858 -2467
1061 1001 -5254
1064 1822 -7626
1065 1242 7491
1068 1200 5969
1070 1205 -8511
1072 407 1301
1078 1055 -3924
1080 1177 -6290
1082 378 -5079
1084 571 -2073
1086 1763 3930
1087 1887 8635
1090 651 -4881
1092 724 4875
1093 1626 828
1094 134 -2207
1102 950 -4782
1103 997 -5506
1105 1788 -1943
1106 880 -1998
1108 1528 -2875
1118 1712 -5787
1125 131 -8951
1126 347 6307
1127 1532 -438
1129 130 2978
1132 683 -3942
1134 1654 5605
1139 917 9784
1143 984 3983
1145 1083 -8670
1146 1020 8322
1148 1293 834
1149 233 4363
1151 137 -5095
1165 1619 8300
1172 1432 -4987
1173 1308 9355
1174 1415 6266
1175 500 5688
1179 1 -1564
1181 817 -4949
1187 479 -3119
1195 1429 -1792
1197 239 -9900
1202 669 7834
1207 225 8202
1208 1144 -2879
1210 1633 -7607
1211 327 -2943
1214 230 -4394
1215 1739 2667
1217 1604 7036
1218 1284 -1495
1224 947 -9454
1227 113 -6127
1232 1661 -9683
1238 349 -4691
1240 1298 6771
1241 1232 -6590
1242 1446 -8709
1243 1447 -3698
1249 847 -3596
1250 1741 -9967
1253 1737 -9267
1255 1153 -1002
1256 1491 -3980
1261 1562 7488
1262 1306 5295
1263 1569 3776
1266 1175 -5154
1268 1762 2672
1273 1813 6275
1274 1583 353
1275 1281 -1585
1280 1423 7655
1283 1434 5668
1297 1077 -3442
1298 684 7425
1299 889 -6167
1301 1028 -7432
1302 1860 6775
1304 216 1475
1305 1318 6246
1306 1714 -9455
1307 677 8038
1312 904 2863
1316 1644 -6039
1317 1199 -4045
1318 189 -8069
1322 1092 -4451
1326 1444 -6000
1327 1647 -1434
1331 1267 -2871
1332 432 -370
1333 1629 -5795
1337 418 -7160
1343 750 -8324
1345 63 4920
1346 723 -368
1350 1808 -5934
1355 959 -8577
1358 1946 9851
1362 447 6336
1364 1562 3266
1365 1784 490
1366 1481 -7723
1379 669 2447
1389 228 -8709
1390 1001 -3015
1394 922 -1003
1395 1439 33
1397 1997 -8694
1398 764 -6219
1399 1509 -3969
1400 1473 -8322
1401 305 -6717
1405 1226 3496
1406 765 -3870
1409 1249 -5652
1423 1739 9545
1430 1242 4816
1434 1108 -7965
1435 1461 2703
1436 1067 -9888
1440 812 -4542
1441 1116 -7346
1442 1774 9486
1444 150 6131
1446 1675 6398
1449 448 9174
1450 1344 -7994
1455 1625 5958
1459 1539 6836
1460 1582 -1028
1462 1399 -2032
1466 1982 -7567
1469 430 3694
1475 1209 3916
1476 1590 4271
1477 291 57
1481 1744 1388
1483 1716 -303
1484 1876 -7705
1485 1563 732
1486 214 -9789
1489 293 1665
1490 395 -1679
1491 883 -7457
1495 457 4675
1496 1055 -7177
1501 532 -6374
1502 1807 -2518
1506 1707 2766
1507 1457 2252
1508 1986 7157
1509 985 -3196
1513 809 497
1519 713 -5024
1521 1392 -5401
1525 611 8751
1528 321 8686
1529 66 -2587
1534 525 -6200
1535 1035 1718
1537 661 -9562
1544 1063 3126
1545 749 -2789
1551 202 -9815
1552 1067 -334
1554 1058 -9928
1558 968 -4027
1561 757 -6242
1562 171 -2114
1563 133 4343
1568 608 -8372
1571 1348 9671
1572 1548 6983
1578 1611 6165
1582 1913 993
1583 1182 7751
1584 1616 9582
1589 431 -9653
1594 1346 5917
1596 714 -9930
1597 906 -2935
1601 1048 8820
1608 753 806
1609 937 -4804
1610 1795 -9030
1613 1472 -2208
1614 283 8845
1615 817 1057
1617 587 2240
1620 971 5262
1625 940 7202
1629 1477 -8587
1630 1312 -4550
1635 1104 -8352
1644 1891 908
1656 1333 3550
1659 219 3479
1668 553 4552
1671 140 -2811
1673 1922 -7889
1675 516 -107
1679 831 -9080
1681 278 8548
1685 908 6013
1686 1980 7650
1688 569 6806
1691 1248 -9142
1693 828 2560
1695 1833 -6274
1696 791 9847
1698 644 -7176
1702 1913 -2567
1704 1237 9334
1705 935 1808
1706 336 3964
1713 637 260
1714 192 1773
1719 1347 -5271
1720 1815 -7823
1722 1929 -2792
1723 1905 -2016
1727 1656 -4425
1729 1803 -9073
1730 1856 6315
1731 152 3674
1735 1742 -3583
1736 1183 1825
1738 2000 -4415
1744 463 2670
1745 1786 2410
1748 466 -6717
1750 771 7123
1753 1096 2252
1761 1097 -6836
1765 832 -1382
1767 1301 810
1770 1758 7425
1773 1971 5667
1776 1186 4555
1777 1633 -3683
1778 1444 7908
1790 466 6351
1794 1751 -8245
1796 1193 7921
1800 1038 -7729
1802 1787 598
1805 1784 -8833
1809 216 4559
1810 1674 -9285
1816 1843 4604
1819 1541 1989
1820 1633 -2304
1824 563 5388
1828 1135 3393
1832 1281 -7905
1833 1994 7739
1836 905 -4566
1837 112 8906
1839 191 -9774
1840 828 -7331
1841 584 2761
1842 735 -8488
1846 1069 -7911
1851 1592 4568
1853 1619 1360
1856 686 -9826
1860 1448 -7868
1866 770 8327
1868 414 1732
1870 1713 -4393
1871 910 -3526
1874 514 8961
1875 411 -9810
1879 1767 5076
1880 1796 1652
1881 1214 -9921
1884 1573 -875
1892 245 100
1893 162 5295
1894 16 8208
1897 1040 8884
1898 1183 -9363
1902 1380 -8203
1903 1880 -1764
1906 54 -929
1913 1039 -3412
1914 925 4123
1915 1907 -6638
1919 1867 6187
1921 1853 8124
1922 1075 -8802
1924 889 5950
1927 539 5019
1928 1635 -5191
1929 773 2402
1932 1097 6011
1933 302 7154
1934 1945 -7955
1935 380 -794
1936 38 3983
1942 1307 4969
1943 1843 -7976
1949 464 9072
1954 413 -904
1957 403 3936
1959 1096 1241
1961 1606 495
1962 675 -7066
1963 392 1635
1966 891 2583
1967 1658 -189
1975 372 -7676
1976 897 -5616
1978 946 191
1981 459 -5994
1983 928 5888
1987 1262 -6925
1990 70 -2809
1991 94 3266
1992 1475 6970
1993 1796 2704
1998 730 2701
