4000 5361
1 2 8510
2 3 3426
3 4 8728
4 5 5684
5 6 -1437
6 7 5640
7 8 -6541
8 9 -1714
9 10 -3843
10 11 -2814
11 12 2032
12 13 7104
13 14 -4956
14 15 -5411
15 16 4497
16 17 -388
17 18 6551
18 19 9327
19 20 -6676
20 21 3732
21 22 -1981
22 23 2678
23 24 -2670
24 25 4531
25 26 9929
26 27 7338
27 28 -2675
28 29 -3935
29 30 -3295
30 31 2305
31 32 -4704
32 33 -6242
33 34 3672
34 35 -2239
35 36 8307
36 37 9512
37 38 721
38 39 7611
39 40 4515
40 41 5260
41 42 3977
42 43 5469
43 44 5321
44 45 -1114
45 46 6964
46 47 -8088
47 48 6834
48 49 -1438
49 50 -7176
50 51 -3246
51 52 7767
52 53 8619
53 54 9136
54 55 6660
55 56 -8893
56 57 7927
57 58 -1018
58 59 -247
59 60 -8904
60 61 -2998
61 62 -8564
62 63 2634
63 64 946
64 65 1230
65 66 316
66 67 -4386
67 68 856
68 69 1337
69 70 -5234
70 71 1195
71 72 -7297
72 73 -3840
73 74 -8204
74 75 1533
75 76 -4320
76 77 -5286
77 78 -5889
78 79 2870
79 80 5300
80 81 -2318
81 82 574
82 83 -510
83 84 39
84 85 -8500
85 86 2961
86 87 -8699
87 88 -9578
88 89 6550
89 90 -8000
90 91 8672
91 92 3194
92 93 5030
93 94 -2453
94 95 -1115
95 96 5469
96 97 933
97 98 -1743
98 99 -3281
99 100 1317
100 101 3530
101 102 4204
102 103 3947
103 104 847
104 105 6357
105 106 -69
106 107 8918
107 108 -5380
108 109 8875
109 110 4123
110 111 7775
111 112 5647
112 113 5036
113 114 6870
114 115 6153
115 116 1519
116 117 -6182
117 118 -3921
118 119 -3323
119 120 1203
120 121 5580
121 122 -7411
122 123 5982
123 124 5149
124 125 3213
125 126 -3663
126 127 7738
127 128 -2884
128 129 4447
129 130 -6403
130 131 8064
131 132 5277
132 133 887
133 134 -7119
134 135 8891
135 136 -6605
136 137 3003
137 138 -9433
138 139 -9875
139 140 -9058
140 141 -6351
141 142 -4981
142 143 -2682
143 144 -4372
144 145 3481
145 146 7731
146 147 -4467
147 148 -3956
148 149 1821
149 150 4815
150 151 -1247
151 152 -451
152 153 982
153 154 6415
154 155 570
155 156 -2510
156 157 1374
157 158 -1336
158 159 2184
159 160 6695
160 161 -271
161 162 6042
162 163 6938
163 164 -4988
164 165 -1964
165 166 -8477
166 167 3065
167 168 8574
168 169 2923
169 170 -1874
170 171 4491
171 172 -1468
172 173 -2729
173 174 6332
174 175 -7815
175 176 -4022
176 177 5355
177 178 4821
178 179 5047
179 180 8522
180 181 -235
181 182 3440
182 183 -2516
183 184 -3626
184 185 3565
185 186 -1147
186 187 -6045
187 188 9892
188 189 -4918
189 190 5110
190 191 -3660
191 192 674
192 193 2294
193 194 8241
194 195 2062
195 196 1231
196 197 4867
197 198 8288
198 199 566
199 200 -7565
200 201 -4446
201 202 9888
202 203 4023
203 204 6218
204 205 -2920
205 206 -1340
206 207 9011
207 208 4312
208 209 6539
209 210 -7171
210 211 -8998
211 212 8537
212 213 -5352
213 214 -2079
214 215 5716
215 216 -1796
216 217 5323
217 218 4122
218 219 -9957
219 220 -3890
220 221 -19
221 222 -2334
222 223 -7058
223 224 5860
224 225 -1955
225 226 -4697
226 227 -3526
227 228 -4106
228 229 -7580
229 230 3056
230 231 7115
231 232 9269
232 233 -7111
233 234 -8947
234 235 6845
235 236 -7267
236 237 -3454
237 238 9719
238 239 -8670
239 240 377
240 241 7534
241 242 3022
242 243 -616
243 244 9828
244 245 9125
245 246 8346
246 247 -6792
247 248 -2632
248 249 -3520
249 250 -480
250 251 9060
251 252 7131
252 253 5096
253 254 7885
254 255 -3195
255 256 -333
256 257 -2338
257 258 -1615
258 259 -5166
259 260 -9792
260 261 3355
261 262 4314
262 263 7786
263 264 2592
264 265 5101
265 266 -454
266 267 101
267 268 -3464
268 269 3527
269 270 -7378
270 271 -4546
271 272 -823
272 273 8314
273 274 8079
274 275 -9686
275 276 -827
276 277 -8950
277 278 9360
278 279 -3706
279 280 -482
280 281 -3626
281 282 4382
282 283 9722
283 284 5913
284 285 -7729
285 286 -9847
286 287 -2978
287 288 -2931
288 289 942
289 290 -9042
290 291 -4801
291 292 -3729
292 293 5059
293 294 -4559
294 295 2963
295 296 1502
296 297 -7986
297 298 -3690
298 299 -3219
299 300 1222
300 301 5614
301 302 6638
302 303 1151
303 304 -3733
304 305 -6551
305 306 8996
306 307 -4477
307 308 -1652
308 309 -3646
309 310 -4105
310 311 -454
311 312 -9881
312 313 9323
313 314 8897
314 315 3784
315 316 5174
316 317 3799
317 318 7370
318 319 7325
319 320 -3862
320 321 325
321 322 -4028
322 323 6858
323 324 -3832
324 325 -6932
325 326 3105
326 327 -4200
327 328 -548
328 329 -367
329 330 7503
330 331 -8980
331 332 7048
332 333 -9469
333 334 -8636
334 335 6955
335 336 2250
336 337 8163
337 338 5998
338 339 4666
339 340 5826
340 341 -9324
341 342 5147
342 343 3683
343 344 5002
344 345 -9488
345 346 9016
346 347 -2625
347 348 -4414
348 349 -6243
349 350 -1239
350 351 118
351 352 2602
352 353 -7173
353 354 -6918
354 355 2353
355 356 -588
356 357 7972
357 358 -557
358 359 -4423
359 360 1025
360 361 9819
361 362 1681
362 363 -5500
363 364 6755
364 365 -9900
365 366 6851
366 367 -1455
367 368 6402
368 369 7181
369 370 -2822
370 371 -2973
371 372 2831
372 373 -4923
373 374 -7512
374 375 8998
375 376 174
376 377 -8995
377 378 -8159
378 379 -7324
379 380 2648
380 381 9664
381 382 483
382 383 -414
383 384 -444
384 385 3833
385 386 5375
386 387 385
387 388 6222
388 389 2179
389 390 -4105
390 391 3919
391 392 -4213
392 393 4533
393 394 -4871
394 395 -6452
395 396 3442
396 397 -2225
397 398 4207
398 399 262
399 400 7865
400 401 -5770
401 402 -3033
402 403 -3557
403 404 2980
404 405 4539
405 406 -9961
406 407 3626
407 408 4682
408 409 2166
409 410 -5049
410 411 -8156
411 412 2695
412 413 -3088
413 414 -7335
414 415 -7781
415 416 457
416 417 302
417 418 -1745
418 419 3364
419 420 -4466
420 421 6743
421 422 -1003
422 423 -6578
423 424 -459
424 425 5544
425 426 -2435
426 427 9822
427 428 7908
428 429 3469
429 430 1553
430 431 -8967
431 432 -6984
432 433 3683
433 434 4085
434 435 -4254
435 436 -8178
436 437 -1328
437 438 -5857
438 439 7043
439 440 -5810
440 441 6108
441 442 -1733
442 443 7113
443 444 9888
444 445 -7417
445 446 2657
446 447 -9577
447 448 -5409
448 449 -2178
449 450 2278
450 451 902
451 452 6760
452 453 -6679
453 454 -5600
454 455 5597
455 456 -9206
456 457 -2916
457 458 2025
458 459 1164
459 460 5220
460 461 5353
461 462 8872
462 463 -2841
463 464 -5215
464 465 -1631
465 466 1818
466 467 -7404
467 468 -6632
468 469 -7207
469 470 -5874
470 471 -1936
471 472 6473
472 473 8481
473 474 -2869
474 475 2679
475 476 -4175
476 477 -6583
477 478 901
478 479 7898
479 480 4962
480 481 9585
481 482 -8594
482 483 -1590
483 484 -6122
484 485 6713
485 486 4390
486 487 7448
487 488 -4528
488 489 5388
489 490 -7428
490 491 4249
491 492 3599
492 493 6863
493 494 -6168
494 495 -5188
495 496 2371
496 497 568
497 498 -3212
498 499 8481
499 500 -4514
500 501 -8065
501 502 9290
502 503 -8261
503 504 5795
504 505 6949
505 506 8097
506 507 2918
507 508 -504
508 509 8507
509 510 -3547
510 511 -671
511 512 2905
512 513 1513
513 514 -6554
514 515 -1697
515 516 -5213
516 517 2751
517 518 8071
518 519 -1937
519 520 3691
520 521 -1230
521 522 5512
522 523 2804
523 524 -5307
524 525 -3164
525 526 7593
526 527 -2671
527 528 -6829
528 529 5562
529 530 -7478
530 531 6816
531 532 4615
532 533 3118
533 534 1881
534 535 -8027
535 536 5448
536 537 9110
537 538 3622
538 539 3651
539 540 3536
540 541 4013
541 542 7834
542 543 -4585
543 544 2378
544 545 9400
545 546 9863
546 547 4160
547 548 6318
548 549 -4034
549 550 2115
550 551 -8517
551 552 8051
552 553 -5899
553 554 802
554 555 9406
555 556 335
556 557 -5463
557 558 6247
558 559 -9383
559 560 3105
560 561 1025
561 562 4199
562 563 7228
563 564 8184
564 565 -4207
565 566 -7817
566 567 -5441
567 568 -4525
568 569 4540
569 570 -5456
570 571 8548
571 572 -5942
572 573 -8704
573 574 2883
574 575 -2707
575 576 -9554
576 577 2345
577 578 -6785
578 579 -6574
579 580 8921
580 581 7515
581 582 -3201
582 583 -7535
583 584 -5142
584 585 7059
585 586 6022
586 587 -7961
587 588 -2837
588 589 5669
589 590 8952
590 591 8970
591 592 901
592 593 891
593 594 3159
594 595 2446
595 596 3453
596 597 268
597 598 -670
598 599 2767
599 600 7003
600 601 725
601 602 -5938
602 603 2830
603 604 -5625
604 605 -7759
605 606 7197
606 607 -6489
607 608 7463
608 609 -6795
609 610 9060
610 611 -3548
611 612 472
612 613 4030
613 614 6684
614 615 -6793
615 616 5279
616 617 -7785
617 618 -479
618 619 9068
619 620 950
620 621 -3798
621 622 -8175
622 623 6724
623 624 -7623
624 625 371
625 626 -9752
626 627 -3715
627 628 -7344
628 629 8409
629 630 -1796
630 631 6763
631 632 -3903
632 633 -1774
633 634 7660
634 635 -7628
635 636 3999
636 637 -3535
637 638 -5946
638 639 -9953
639 640 -7667
640 641 8085
641 642 6040
642 643 -9905
643 644 5943
644 645 -8649
645 646 -1462
646 647 3575
647 648 8690
648 649 -3105
649 650 -3600
650 651 7797
651 652 2919
652 653 -3815
653 654 -6010
654 655 -8086
655 656 -3243
656 657 -5763
657 658 -4298
658 659 8685
659 660 -6269
660 661 3203
661 662 9162
662 663 -6305
663 664 -7291
664 665 5894
665 666 -8598
666 667 -1314
667 668 9344
668 669 -699
669 670 25
670 671 2194
671 672 -834
672 673 7550
673 674 5432
674 675 -2424
675 676 -8743
676 677 -5882
677 678 -3902
678 679 9566
679 680 -4103
680 681 5270
681 682 8287
682 683 -17
683 684 6686
684 685 2738
685 686 6035
686 687 -8216
687 688 -1293
688 689 -4741
689 690 -675
690 691 -2356
691 692 -9565
692 693 -7472
693 694 3275
694 695 6296
695 696 -3020
696 697 7516
697 698 6273
698 699 -7874
699 700 9010
700 701 6895
701 702 2503
702 703 -4839
703 704 -483
704 705 1643
705 706 6143
706 707 -7426
707 708 6457
708 709 6655
709 710 5571
710 711 644
711 712 -4007
712 713 -5188
713 714 -2966
714 715 -3531
715 716 5695
716 717 -4892
717 718 -1983
718 719 -7449
719 720 6248
720 721 -1823
721 722 -5642
722 723 -7981
723 724 -964
724 725 -43
725 726 4307
726 727 1423
727 728 -8309
728 729 4155
729 730 -609
730 731 6680
731 732 -2993
732 733 -2652
733 734 -6901
734 735 -7074
735 736 2851
736 737 -4140
737 738 9063
738 739 8279
739 740 -1083
740 741 -838
741 742 5022
742 743 2270
743 744 9269
744 745 -4261
745 746 -8078
746 747 6824
747 748 3616
748 749 8878
749 750 -2654
750 751 1219
751 752 5835
752 753 -9192
753 754 -3374
754 755 5849
755 756 -7699
756 757 5123
757 758 9616
758 759 -3771
759 760 -978
760 761 5239
761 762 1068
762 763 -3395
763 764 -3510
764 765 1455
765 766 -4772
766 767 -1244
767 768 4493
768 769 -6860
769 770 5809
770 771 -2394
771 772 -5284
772 773 -4856
773 774 6859
774 775 -650
775 776 -5663
776 777 -6884
777 778 -9133
778 779 4338
779 780 -3731
780 781 2668
781 782 7901
782 783 477
783 784 5563
784 785 -6043
785 786 -9766
786 787 -3152
787 788 -5856
788 789 8922
789 790 8845
790 791 4423
791 792 3076
792 793 -6769
793 794 -3140
794 795 15
795 796 -3322
796 797 -2547
797 798 -230
798 799 6606
799 800 -5833
800 801 2851
801 802 9693
802 803 137
803 804 681
804 805 -3663
805 806 2897
806 807 8549
807 808 6009
808 809 5238
809 810 -5663
810 811 6561
811 812 719
812 813 -4138
813 814 -2466
814 815 -8233
815 816 9101
816 817 4928
817 818 -7938
818 819 -8024
819 820 -4483
820 821 -8391
821 822 -677
822 823 8423
823 824 1922
824 825 -5986
825 826 -5926
826 827 4404
827 828 -2106
828 829 408
829 830 268
830 831 8612
831 832 -9622
832 833 7682
833 834 7365
834 835 -6311
835 836 -5858
836 837 3370
837 838 -7011
838 839 -3555
839 840 -688
840 841 -7509
841 842 6242
842 843 -432
843 844 -399
844 845 3133
845 846 8976
846 847 5431
847 848 -6594
848 849 -3007
849 850 -5746
850 851 3484
851 852 8150
852 853 -4520
853 854 222
854 855 -5593
855 856 9896
856 857 559
857 858 -1007
858 859 7141
859 860 2342
860 861 -3364
861 862 631
862 863 752
863 864 6192
864 865 6585
865 866 -7634
866 867 -9428
867 868 -7665
868 869 -3421
869 870 2884
870 871 9643
871 872 -1897
872 873 -8681
873 874 6514
874 875 2882
875 876 3585
876 877 -4871
877 878 8647
878 879 1806
879 880 7045
880 881 -7571
881 882 9528
882 883 4405
883 884 -4621
884 885 7268
885 886 -8778
886 887 -7488
887 888 -3401
888 889 -1344
889 890 1867
890 891 2651
891 892 8298
892 893 8699
893 894 5876
894 895 -1598
895 896 -6529
896 897 -1028
897 898 -1067
898 899 9309
899 900 5057
900 901 -5537
901 902 3599
902 903 -8002
903 904 7522
904 905 -4484
905 906 -5297
906 907 -6237
907 908 -5017
908 909 9344
909 910 -2165
910 911 -8542
911 912 -431
912 913 -2032
913 914 2082
914 915 -5872
915 916 9780
916 917 7049
917 918 3308
918 919 -8944
919 920 8336
920 921 -9693
921 922 3097
922 923 3787
923 924 -726
924 925 264
925 926 6678
926 927 8677
927 928 -7565
928 929 -4344
929 930 9276
930 931 -5234
931 932 -9464
932 933 -3161
933 934 9465
934 935 -3921
935 936 -3853
936 937 -5859
937 938 1630
938 939 -2403
939 940 5282
940 941 -7465
941 942 3202
942 943 -9827
943 944 9479
944 945 -3681
945 946 5762
946 947 -3015
947 948 7444
948 949 -8055
949 950 5764
950 951 670
951 952 9096
952 953 -3928
953 954 -9894
954 955 9494
955 956 -2021
956 957 8484
957 958 -2813
958 959 -2181
959 960 2388
960 961 7525
961 962 3260
962 963 -1093
963 964 6299
964 965 -1647
965 966 3671
966 967 -1296
967 968 9093
968 969 -9982
969 970 2918
970 971 -7542
971 972 9538
972 973 3437
973 974 -5460
974 975 -5383
975 976 -6077
976 977 -1788
977 978 -3346
978 979 2446
979 980 -3727
980 981 2315
981 982 6631
982 983 6670
983 984 9207
984 985 -4590
985 986 -8758
986 987 -5385
987 988 4514
988 989 1383
989 990 -6414
990 991 -3543
991 992 8261
992 993 -5959
993 994 6833
994 995 2598
995 996 -4671
996 997 2770
997 998 -6668
998 999 7205
999 1000 -9366
1000 1001 -4887
1001 1002 -3159
1002 1003 365
1003 1004 5567
1004 1005 -8002
1005 1006 -4807
1006 1007 1769
1007 1008 -8043
1008 1009 -3884
1009 1010 6656
1010 1011 -5956
1011 1012 2638
1012 1013 -8776
1013 1014 7572
1014 1015 -7249
1015 1016 4767
1016 1017 2398
1017 1018 1149
1018 1019 3575
1019 1020 -3488
1020 1021 -2543
1021 1022 -757
1022 1023 3349
1023 1024 -5118
1024 1025 -2227
1025 1026 -7319
1026 1027 -6705
1027 1028 6770
1028 1029 2214
1029 1030 6711
1030 1031 -9548
1031 1032 7795
1032 1033 6816
1033 1034 771
1034 1035 -1444
1035 1036 1657
1036 1037 7678
1037 1038 4833
1038 1039 -2519
1039 1040 -1225
1040 1041 1316
1041 1042 -1931
1042 1043 -8627
1043 1044 -4848
1044 1045 -2907
1045 1046 344
1046 1047 -4279
1047 1048 4786
1048 1049 6849
1049 1050 -83
1050 1051 -7397
1051 1052 -2406
1052 1053 8000
1053 1054 -1298
1054 1055 8465
1055 1056 3515
1056 1057 -9255
1057 1058 7986
1058 1059 -5890
1059 1060 4906
1060 1061 -4353
1061 1062 1330
1062 1063 -1481
1063 1064 2863
1064 1065 8234
1065 1066 -4967
1066 1067 7907
1067 1068 -5810
1068 1069 3059
1069 1070 -4297
1070 1071 -719
1071 1072 6492
1072 1073 1078
1073 1074 -9910
1074 1075 5690
1075 1076 -7751
1076 1077 -4053
1077 1078 1426
1078 1079 4395
1079 1080 -3459
1080 1081 -384
1081 1082 8745
1082 1083 -3829
1083 1084 -2874
1084 1085 -8177
1085 1086 -4962
1086 1087 -5732
1087 1088 -653
1088 1089 -6908
1089 1090 -2130
1090 1091 -4494
1091 1092 749
1092 1093 -3529
1093 1094 3197
1094 1095 -8436
1095 1096 -5523
1096 1097 189
1097 1098 1801
1098 1099 3956
1099 1100 5713
1100 1101 396
1101 1102 3058
1102 1103 8719
1103 1104 7490
1104 1105 -7156
1105 1106 4936
1106 1107 1824
1107 1108 -1547
1108 1109 -689
1109 1110 1669
1110 1111 6393
1111 1112 1278
1112 1113 2334
1113 1114 -4038
1114 1115 -9644
1115 1116 7261
1116 1117 -7381
1117 1118 6417
1118 1119 -8718
1119 1120 -4083
1120 1121 7667
1121 1122 608
1122 1123 7456
1123 1124 2686
1124 1125 9743
1125 1126 3740
1126 1127 -8853
1127 1128 8555
1128 1129 1187
1129 1130 1799
1130 1131 2506
1131 1132 4937
1132 1133 1069
1133 1134 -7427
1134 1135 5208
1135 1136 -7479
1136 1137 3166
1137 1138 -9285
1138 1139 9324
1139 1140 -7518
1140 1141 757
1141 1142 7518
1142 1143 -2853
1143 1144 -8485
1144 1145 -9903
1145 1146 -3182
1146 1147 5058
1147 1148 1972
1148 1149 5186
1149 1150 -6121
1150 1151 -3297
1151 1152 5106
1152 1153 8298
1153 1154 -9585
1154 1155 -8328
1155 1156 -2872
1156 1157 2249
1157 1158 -895
1158 1159 4177
1159 1160 -3508
1160 1161 -1658
1161 1162 9014
1162 1163 -9988
1163 1164 2598
1164 1165 -2397
1165 1166 -6875
1166 1167 7622
1167 1168 -1269
1168 1169 6518
1169 1170 -7909
1170 1171 6940
1171 1172 -9293
1172 1173 2210
1173 1174 -6041
1174 1175 4674
1175 1176 7926
1176 1177 9724
1177 1178 -8240
1178 1179 -3260
1179 1180 2412
1180 1181 -3909
1181 1182 2233
1182 1183 -5873
1183 1184 9549
1184 1185 766
1185 1186 5367
1186 1187 8195
1187 1188 7907
1188 1189 -9068
1189 1190 969
1190 1191 -5
1191 1192 -5626
1192 1193 -3740
1193 1194 4186
1194 1195 5551
1195 1196 -3694
1196 1197 -9303
1197 1198 3643
1198 1199 -6225
1199 1200 6102
1200 1201 4818
1201 1202 2468
1202 1203 1319
1203 1204 -3860
1204 1205 -2283
1205 1206 -2217
1206 1207 -4408
1207 1208 -7830
1208 1209 -3920
1209 1210 -9661
1210 1211 -3727
1211 1212 3281
1212 1213 -2572
1213 1214 -1166
1214 1215 1958
1215 1216 852
1216 1217 1730
1217 1218 2623
1218 1219 -9055
1219 1220 6723
1220 1221 7768
1221 1222 -5148
1222 1223 2366
1223 1224 8602
1224 1225 -1353
1225 1226 -7508
1226 1227 9681
1227 1228 -6016
1228 1229 -5344
1229 1230 -8637
1230 1231 -2285
1231 1232 4649
1232 1233 3117
1233 1234 8575
1234 1235 5833
1235 1236 -28
1236 1237 3047
1237 1238 1504
1238 1239 4191
1239 1240 7827
1240 1241 -683
1241 1242 559
1242 1243 -7577
1243 1244 4815
1244 1245 -2163
1245 1246 447
1246 1247 -5214
1247 1248 -4965
1248 1249 311
1249 1250 6718
1250 1251 -1987
1251 1252 -2592
1252 1253 2813
1253 1254 3668
1254 1255 -458
1255 1256 2771
1256 1257 7803
1257 1258 -896
1258 1259 9375
1259 1260 724
1260 1261 287
1261 1262 -708
1262 1263 -1955
1263 1264 3786
1264 1265 9374
1265 1266 3799
1266 1267 -3415
1267 1268 -5449
1268 1269 -1612
1269 1270 6227
1270 1271 6049
1271 1272 -3605
1272 1273 6358
1273 1274 -8531
1274 1275 7476
1275 1276 8994
1276 1277 8020
1277 1278 5586
1278 1279 4713
1279 1280 6567
1280 1281 -126
1281 1282 -8838
1282 1283 -5650
1283 1284 6663
1284 1285 -9958
1285 1286 3362
1286 1287 721
1287 1288 -1415
1288 1289 -7508
1289 1290 3997
1290 1291 -1619
1291 1292 5623
1292 1293 3056
1293 1294 1433
1294 1295 4068
1295 1296 -6358
1296 1297 -3947
1297 1298 -7791
1298 1299 7650
1299 1300 -512
1300 1301 6205
1301 1302 -3609
1302 1303 -6548
1303 1304 -9360
1304 1305 -6256
1305 1306 1790
1306 1307 -518
1307 1308 -5883
1308 1309 -6760
1309 1310 -6713
1310 1311 117
1311 1312 -6621
1312 1313 -9781
1313 1314 2092
1314 1315 -1967
1315 1316 -5385
1316 1317 4336
1317 1318 2131
1318 1319 -4415
1319 1320 -9984
1320 1321 1033
1321 1322 9503
1322 1323 -1388
1323 1324 237
1324 1325 -7371
1325 1326 -3252
1326 1327 -4278
1327 1328 -4237
1328 1329 6783
1329 1330 7729
1330 1331 5279
1331 1332 -4405
1332 1333 6112
1333 1334 -6024
1334 1335 -8847
1335 1336 -7754
1336 1337 -9898
1337 1338 -4118
1338 1339 9887
1339 1340 2153
1340 1341 6202
1341 1342 -1373
1342 1343 -2777
1343 1344 2775
1344 1345 7813
1345 1346 2945
1346 1347 -9420
1347 1348 1474
1348 1349 -3477
1349 1350 -147
1350 1351 -9013
1351 1352 -1487
1352 1353 9232
1353 1354 -37
1354 1355 3448
1355 1356 -1501
1356 1357 3253
1357 1358 9391
1358 1359 -7825
1359 1360 -9541
1360 1361 233
1361 1362 -7453
1362 1363 -9670
1363 1364 567
1364 1365 -5217
1365 1366 1599
1366 1367 2172
1367 1368 1578
1368 1369 4061
1369 1370 6899
1370 1371 -2832
1371 1372 6739
1372 1373 -7093
1373 1374 8146
1374 1375 7767
1375 1376 -4497
1376 1377 7767
1377 1378 -7051
1378 1379 -3692
1379 1380 533
1380 1381 13
1381 1382 8053
1382 1383 -8173
1383 1384 -3618
1384 1385 -8417
1385 1386 7163
1386 1387 9514
1387 1388 5605
1388 1389 9044
1389 1390 -8859
1390 1391 4064
1391 1392 2002
1392 1393 3966
1393 1394 116
1394 1395 -3274
1395 1396 8908
1396 1397 -2705
1397 1398 -8731
1398 1399 322
1399 1400 -9751
1400 1401 -4901
1401 1402 -7170
1402 1403 -6158
1403 1404 -5044
1404 1405 -2033
1405 1406 6722
1406 1407 -5611
1407 1408 -4942
1408 1409 3220
1409 1410 4125
1410 1411 -9622
1411 1412 4824
1412 1413 6544
1413 1414 6037
1414 1415 5391
1415 1416 6029
1416 1417 -6194
1417 1418 -3740
1418 1419 -3729
1419 1420 7288
1420 1421 5185
1421 1422 -9957
1422 1423 -6109
1423 1424 7851
1424 1425 -6244
1425 1426 -1214
1426 1427 -8632
1427 1428 2253
1428 1429 3778
1429 1430 -2149
1430 1431 7214
1431 1432 5720
1432 1433 -2586
1433 1434 2477
1434 1435 8081
1435 1436 -3425
1436 1437 -8401
1437 1438 7353
1438 1439 -3741
1439 1440 -232
1440 1441 -1443
1441 1442 8974
1442 1443 -7993
1443 1444 -1443
1444 1445 8883
1445 1446 784
1446 1447 -37
1447 1448 -6161
1448 1449 5487
1449 1450 -146
1450 1451 -5826
1451 1452 3872
1452 1453 -2856
1453 1454 -666
1454 1455 8278
1455 1456 -7610
1456 1457 -2850
1457 1458 -6531
1458 1459 6798
1459 1460 -2340
1460 1461 5965
1461 1462 -7338
1462 1463 5290
1463 1464 4660
1464 1465 4450
1465 1466 -457
1466 1467 3630
1467 1468 -9138
1468 1469 -2517
1469 1470 3983
1470 1471 -8181
1471 1472 -1507
1472 1473 -5914
1473 1474 3724
1474 1475 -8855
1475 1476 2701
1476 1477 7244
1477 1478 -8871
1478 1479 4224
1479 1480 -1731
1480 1481 2915
1481 1482 2841
1482 1483 -3746
1483 1484 5176
1484 1485 1128
1485 1486 7812
1486 1487 5226
1487 1488 -2910
1488 1489 7036
1489 1490 -9235
1490 1491 2207
1491 1492 3448
1492 1493 6456
1493 1494 -3610
1494 1495 -7572
1495 1496 6452
1496 1497 304
1497 1498 -1346
1498 1499 -9034
1499 1500 -5196
1500 1501 -6192
1501 1502 -8994
1502 1503 -3813
1503 1504 -7177
1504 1505 5599
1505 1506 -7266
1506 1507 -5558
1507 1508 6220
1508 1509 8686
1509 1510 -1171
1510 1511 -1173
1511 1512 -9220
1512 1513 2462
1513 1514 -7534
1514 1515 -7402
1515 1516 5697
1516 1517 4717
1517 1518 -5783
1518 1519 -7238
1519 1520 -1219
1520 1521 -1295
1521 1522 -724
1522 1523 3880
1523 1524 -9949
1524 1525 -8360
1525 1526 -8768
1526 1527 5523
1527 1528 9826
1528 1529 -6265
1529 1530 -2771
1530 1531 -3801
1531 1532 4118
1532 1533 3775
1533 1534 -7516
1534 1535 -685
1535 1536 7314
1536 1537 5407
1537 1538 621
1538 1539 -2538
1539 1540 -5972
1540 1541 1460
1541 1542 6480
1542 1543 -6242
1543 1544 3264
1544 1545 699
1545 1546 8471
1546 1547 -9243
1547 1548 -9218
1548 1549 -9855
1549 1550 452
1550 1551 -8815
1551 1552 4816
1552 1553 3197
1553 1554 -4826
1554 1555 -3909
1555 1556 902
1556 1557 1378
1557 1558 2698
1558 1559 5634
1559 1560 559
1560 1561 4409
1561 1562 9515
1562 1563 9787
1563 1564 6778
1564 1565 4238
1565 1566 -7554
1566 1567 -538
1567 1568 -8611
1568 1569 -2575
1569 1570 -8275
1570 1571 2589
1571 1572 -5469
1572 1573 1008
1573 1574 -657
1574 1575 -47
1575 1576 -5030
1576 1577 5890
1577 1578 7807
1578 1579 9372
1579 1580 -8275
1580 1581 4125
1581 1582 -7430
1582 1583 -458
1583 1584 -5247
1584 1585 5907
1585 1586 5119
1586 1587 -7489
1587 1588 1271
1588 1589 1976
1589 1590 7949
1590 1591 -9341
1591 1592 -739
1592 1593 6392
1593 1594 1075
1594 1595 3486
1595 1596 2171
1596 1597 -5739
1597 1598 -6429
1598 1599 -9259
1599 1600 -604
1600 1601 1598
1601 1602 3362
1602 1603 -6860
1603 1604 578
1604 1605 1804
1605 1606 9423
1606 1607 -4255
1607 1608 8833
1608 1609 5394
1609 1610 -9117
1610 1611 7648
1611 1612 162
1612 1613 7901
1613 1614 8431
1614 1615 917
1615 1616 -8192
1616 1617 7059
1617 1618 3706
1618 1619 -6450
1619 1620 1602
1620 1621 -3211
1621 1622 -7311
1622 1623 4468
1623 1624 -784
1624 1625 9628
1625 1626 9309
1626 1627 -4258
1627 1628 -7376
1628 1629 2138
1629 1630 -2275
1630 1631 -2422
1631 1632 6909
1632 1633 -8288
1633 1634 844
1634 1635 1249
1635 1636 4136
1636 1637 -7816
1637 1638 -2113
1638 1639 3503
1639 1640 5635
1640 1641 -9784
1641 1642 -1378
1642 1643 6676
1643 1644 4036
1644 1645 2900
1645 1646 -133
1646 1647 509
1647 1648 2778
1648 1649 1071
1649 1650 932
1650 1651 -9456
1651 1652 6604
1652 1653 217
1653 1654 1714
1654 1655 978
1655 1656 4925
1656 1657 -5658
1657 1658 1213
1658 1659 -4713
1659 1660 -6178
1660 1661 329
1661 1662 6104
1662 1663 1338
1663 1664 -8438
1664 1665 3380
1665 1666 4139
1666 1667 -8689
1667 1668 -8324
1668 1669 8147
1669 1670 630
1670 1671 5776
1671 1672 3181
1672 1673 -6692
1673 1674 4540
1674 1675 4888
1675 1676 -5900
1676 1677 3257
1677 1678 5361
1678 1679 6982
1679 1680 8024
1680 1681 5391
1681 1682 5590
1682 1683 1546
1683 1684 -2695
1684 1685 -3386
1685 1686 -6305
1686 1687 6756
1687 1688 5699
1688 1689 -1132
1689 1690 21
1690 1691 -5328
1691 1692 -9032
1692 1693 5631
1693 1694 -5993
1694 1695 -9189
1695 1696 5590
1696 1697 1723
1697 1698 6741
1698 1699 2249
1699 1700 -8531
1700 1701 -2471
1701 1702 -5626
1702 1703 3900
1703 1704 4874
1704 1705 5554
1705 1706 -311
1706 1707 -8242
1707 1708 -9041
1708 1709 317
1709 1710 4815
1710 1711 3633
1711 1712 4001
1712 1713 9685
1713 1714 -8677
1714 1715 5594
1715 1716 8944
1716 1717 -3971
1717 1718 106
1718 1719 -6481
1719 1720 -1491
1720 1721 -5820
1721 1722 -223
1722 1723 2224
1723 1724 -6819
1724 1725 -8791
1725 1726 5606
1726 1727 4711
1727 1728 -2763
1728 1729 -7145
1729 1730 -5995
1730 1731 -225
1731 1732 8613
1732 1733 -9670
1733 1734 343
1734 1735 -7677
1735 1736 7670
1736 1737 2626
1737 1738 9098
1738 1739 4702
1739 1740 6941
1740 1741 -6595
1741 1742 6904
1742 1743 -4487
1743 1744 8013
1744 1745 3556
1745 1746 -8598
1746 1747 -8445
1747 1748 3857
1748 1749 -8713
1749 1750 -4864
1750 1751 -2114
1751 1752 6613
1752 1753 9695
1753 1754 2959
1754 1755 5327
1755 1756 8596
1756 1757 3876
1757 1758 -5878
1758 1759 -7558
1759 1760 -3797
1760 1761 -4249
1761 1762 6563
1762 1763 8004
1763 1764 14
1764 1765 8200
1765 1766 -5389
1766 1767 -4923
1767 1768 -1878
1768 1769 -6934
1769 1770 -3970
1770 1771 5592
1771 1772 -7716
1772 1773 1397
1773 1774 -502
1774 1775 -1793
1775 1776 3305
1776 1777 -9794
1777 1778 -3389
1778 1779 -8341
1779 1780 -7941
1780 1781 3499
1781 1782 720
1782 1783 3986
1783 1784 7007
1784 1785 -1662
1785 1786 9121
1786 1787 -6540
1787 1788 675
1788 1789 5018
1789 1790 7360
1790 1791 3229
1791 1792 -5880
1792 1793 4547
1793 1794 6111
1794 1795 1105
1795 1796 -75
1796 1797 3041
1797 1798 -5779
1798 1799 -4027
1799 1800 -1405
1800 1801 3399
1801 1802 9207
1802 1803 2033
1803 1804 -7939
1804 1805 -2109
1805 1806 3221
1806 1807 -3035
1807 1808 -3243
1808 1809 -5999
1809 1810 -2059
1810 1811 -9935
1811 1812 -6289
1812 1813 8217
1813 1814 -5668
1814 1815 3381
1815 1816 9979
1816 1817 1581
1817 1818 -2734
1818 1819 306
1819 1820 -4381
1820 1821 -1852
1821 1822 -240
1822 1823 -6004
1823 1824 -6998
1824 1825 -9627
1825 1826 -1385
1826 1827 -6408
1827 1828 3368
1828 1829 -5295
1829 1830 6171
1830 1831 -7022
1831 1832 -9638
1832 1833 3520
1833 1834 -2237
1834 1835 3594
1835 1836 -2916
1836 1837 -7418
1837 1838 -494
1838 1839 -1613
1839 1840 -8815
1840 1841 -9038
1841 1842 -5003
1842 1843 -6056
1843 1844 -9003
1844 1845 8410
1845 1846 7053
1846 1847 -6719
1847 1848 6675
1848 1849 416
1849 1850 -104
1850 1851 -7084
1851 1852 -9588
1852 1853 9468
1853 1854 -1973
1854 1855 -8625
1855 1856 -9840
1856 1857 -2614
1857 1858 -533
1858 1859 2604
1859 1860 -8589
1860 1861 -4654
1861 1862 1461
1862 1863 9758
1863 1864 5662
1864 1865 7860
1865 1866 4071
1866 1867 644
1867 1868 6824
1868 1869 8129
1869 1870 -2599
1870 1871 -9414
1871 1872 -9818
1872 1873 -602
1873 1874 2932
1874 1875 -3655
1875 1876 6170
1876 1877 -722
1877 1878 240
1878 1879 -7946
1879 1880 6975
1880 1881 -8493
1881 1882 6375
1882 1883 -8649
1883 1884 3935
1884 1885 -8918
1885 1886 -9157
1886 1887 9454
1887 1888 5380
1888 1889 -3294
1889 1890 -6206
1890 1891 -3194
1891 1892 608
1892 1893 412
1893 1894 5753
1894 1895 1154
1895 1896 -2766
1896 1897 4610
1897 1898 8401
1898 1899 -4595
1899 1900 -7369
1900 1901 9652
1901 1902 -6967
1902 1903 9965
1903 1904 3747
1904 1905 2678
1905 1906 -4907
1906 1907 8974
1907 1908 1590
1908 1909 5337
1909 1910 7166
1910 1911 -3872
1911 1912 -913
1912 1913 -210
1913 1914 340
1914 1915 -2415
1915 1916 1672
1916 1917 -2252
1917 1918 7708
1918 1919 -8345
1919 1920 -953
1920 1921 3829
1921 1922 5384
1922 1923 -7617
1923 1924 -4768
1924 1925 1233
1925 1926 1109
1926 1927 -7118
1927 1928 -8214
1928 1929 3920
1929 1930 165
1930 1931 8422
1931 1932 -6875
1932 1933 -9870
1933 1934 -2409
1934 1935 5112
1935 1936 2255
1936 1937 1499
1937 1938 8363
1938 1939 -6929
1939 1940 8330
1940 1941 1665
1941 1942 7034
1942 1943 -7485
1943 1944 -7536
1944 1945 -5768
1945 1946 3474
1946 1947 7168
1947 1948 -7396
1948 1949 6902
1949 1950 5700
1950 1951 8004
1951 1952 992
1952 1953 3424
1953 1954 -3940
1954 1955 7116
1955 1956 -3030
1956 1957 -3064
1957 1958 4602
1958 1959 3772
1959 1960 6358
1960 1961 9121
1961 1962 475
1962 1963 2161
1963 1964 -8659
1964 1965 -8660
1965 1966 1557
1966 1967 4178
1967 1968 -6244
1968 1969 9116
1969 1970 -4833
1970 1971 -7417
1971 1972 -6061
1972 1973 -3616
1973 1974 -8496
1974 1975 2019
1975 1976 -2565
1976 1977 5116
1977 1978 2321
1978 1979 -1218
1979 1980 5315
1980 1981 -5026
1981 1982 -6713
1982 1983 1469
1983 1984 -9473
1984 1985 8023
1985 1986 4813
1986 1987 7156
1987 1988 305
1988 1989 5457
1989 1990 1863
1990 1991 -9847
1991 1992 9521
1992 1993 -4586
1993 1994 5638
1994 1995 6589
1995 1996 8023
1996 1997 -9576
1997 1998 3445
1998 1999 5492
1999 2000 6234
2000 2001 9689
2001 2002 6920
2002 2003 7209
2003 2004 393
2004 2005 -4311
2005 2006 7436
2006 2007 -8396
2007 2008 -4893
2008 2009 4858
2009 2010 -5804
2010 2011 -5451
2011 2012 7401
2012 2013 3328
2013 2014 -5364
2014 2015 -8178
2015 2016 -9288
2016 2017 -6949
2017 2018 -7730
2018 2019 733
2019 2020 3777
2020 2021 -7924
2021 2022 4366
2022 2023 2948
2023 2024 4453
2024 2025 -7798
2025 2026 2097
2026 2027 8165
2027 2028 -4822
2028 2029 -2125
2029 2030 3234
2030 2031 -3478
2031 2032 -3052
2032 2033 -8734
2033 2034 -4568
2034 2035 1056
2035 2036 -5794
2036 2037 2109
2037 2038 346
2038 2039 -9462
2039 2040 -2809
2040 2041 -6848
2041 2042 6427
2042 2043 9206
2043 2044 -571
2044 2045 3401
2045 2046 2191
2046 2047 -2036
2047 2048 2986
2048 2049 2788
2049 2050 6628
2050 2051 6727
2051 2052 -8867
2052 2053 1307
2053 2054 -9323
2054 2055 -9179
2055 2056 -2733
2056 2057 -2866
2057 2058 8517
2058 2059 -1723
2059 2060 -3151
2060 2061 -9868
2061 2062 -6500
2062 2063 -5257
2063 2064 7149
2064 2065 8838
2065 2066 3369
2066 2067 -2726
2067 2068 330
2068 2069 9494
2069 2070 -490
2070 2071 -5127
2071 2072 3427
2072 2073 -4688
2073 2074 7107
2074 2075 -4051
2075 2076 -7459
2076 2077 -617
2077 2078 7290
2078 2079 579
2079 2080 9336
2080 2081 1985
2081 2082 -4169
2082 2083 9809
2083 2084 4345
2084 2085 9910
2085 2086 6966
2086 2087 2904
2087 2088 -2158
2088 2089 -7620
2089 2090 -4241
2090 2091 -5810
2091 2092 1955
2092 2093 2490
2093 2094 1473
2094 2095 -6143
2095 2096 3676
2096 2097 8181
2097 2098 -6258
2098 2099 -3113
2099 2100 122
2100 2101 4558
2101 2102 6989
2102 2103 -3384
2103 2104 -7536
2104 2105 -3653
2105 2106 7342
2106 2107 -6630
2107 2108 -2235
2108 2109 -7153
2109 2110 3462
2110 2111 -658
2111 2112 9248
2112 2113 943
2113 2114 -2130
2114 2115 -1221
2115 2116 7605
2116 2117 1206
2117 2118 5818
2118 2119 -2427
2119 2120 -7565
2120 2121 9599
2121 2122 -2181
2122 2123 -8583
2123 2124 -5929
2124 2125 1240
2125 2126 -888
2126 2127 -7065
2127 2128 -8423
2128 2129 -6249
2129 2130 -8932
2130 2131 3572
2131 2132 1282
2132 2133 2432
2133 2134 1194
2134 2135 -3662
2135 2136 3072
2136 2137 -8244
2137 2138 -7212
2138 2139 -6207
2139 2140 -6296
2140 2141 6867
2141 2142 -7383
2142 2143 3540
2143 2144 5446
2144 2145 950
2145 2146 -797
2146 2147 5300
2147 2148 -3692
2148 2149 -7456
2149 2150 -989
2150 2151 -9369
2151 2152 9072
2152 2153 -4015
2153 2154 6382
2154 2155 8305
2155 2156 -5320
2156 2157 -2607
2157 2158 9960
2158 2159 -2246
2159 2160 -8618
2160 2161 -6804
2161 2162 151
2162 2163 9446
2163 2164 7007
2164 2165 204
2165 2166 -9123
2166 2167 2147
2167 2168 7845
2168 2169 -9827
2169 2170 970
2170 2171 74
2171 2172 6528
2172 2173 8021
2173 2174 -6110
2174 2175 7628
2175 2176 452
2176 2177 8757
2177 2178 710
2178 2179 -7637
2179 2180 5767
2180 2181 -2750
2181 2182 -228
2182 2183 -7063
2183 2184 6938
2184 2185 6518
2185 2186 -7910
2186 2187 5951
2187 2188 -9082
2188 2189 9600
2189 2190 580
2190 2191 -8767
2191 2192 7092
2192 2193 -7173
2193 2194 2181
2194 2195 680
2195 2196 4797
2196 2197 -9839
2197 2198 76
2198 2199 -7422
2199 2200 -6311
2200 2201 5644
2201 2202 3297
2202 2203 4306
2203 2204 -4900
2204 2205 -9976
2205 2206 3393
2206 2207 -9757
2207 2208 -9335
2208 2209 847
2209 2210 -4486
2210 2211 4069
2211 2212 -7527
2212 2213 -1610
2213 2214 -1012
2214 2215 -2520
2215 2216 -8243
2216 2217 -877
2217 2218 -810
2218 2219 -423
2219 2220 -6484
2220 2221 9666
2221 2222 8404
2222 2223 -7014
2223 2224 -5368
2224 2225 872
2225 2226 1694
2226 2227 5217
2227 2228 3904
2228 2229 -259
2229 2230 -9383
2230 2231 1818
2231 2232 1522
2232 2233 2492
2233 2234 -7208
2234 2235 5727
2235 2236 5580
2236 2237 -6957
2237 2238 -5504
2238 2239 -9808
2239 2240 -4141
2240 2241 1702
2241 2242 4951
2242 2243 -1324
2243 2244 2496
2244 2245 9794
2245 2246 3649
2246 2247 -9886
2247 2248 8014
2248 2249 9465
2249 2250 5564
2250 2251 -9281
2251 2252 -152
2252 2253 5289
2253 2254 -5427
2254 2255 9394
2255 2256 7848
2256 2257 -268
2257 2258 -3097
2258 2259 -5923
2259 2260 4137
2260 2261 2880
2261 2262 -5210
2262 2263 -4791
2263 2264 7996
2264 2265 3740
2265 2266 7967
2266 2267 -2092
2267 2268 6117
2268 2269 6613
2269 2270 1787
2270 2271 1434
2271 2272 -1062
2272 2273 -8449
2273 2274 -9034
2274 2275 -9428
2275 2276 4014
2276 2277 -3141
2277 2278 -206
2278 2279 3176
2279 2280 -5540
2280 2281 -24
2281 2282 4793
2282 2283 842
2283 2284 -240
2284 2285 5542
2285 2286 -318
2286 2287 977
2287 2288 -2763
2288 2289 290
2289 2290 -2577
2290 2291 8195
2291 2292 -7388
2292 2293 -268
2293 2294 1274
2294 2295 7666
2295 2296 -5396
2296 2297 -7329
2297 2298 -7320
2298 2299 -9095
2299 2300 -5111
2300 2301 -1348
2301 2302 -4756
2302 2303 5760
2303 2304 3177
2304 2305 -1806
2305 2306 9720
2306 2307 -3384
2307 2308 -8767
2308 2309 9589
2309 2310 -8843
2310 2311 -1863
2311 2312 -6296
2312 2313 -4934
2313 2314 -2379
2314 2315 3385
2315 2316 -1136
2316 2317 6247
2317 2318 4970
2318 2319 8270
2319 2320 8927
2320 2321 -9650
2321 2322 -5696
2322 2323 3654
2323 2324 -2361
2324 2325 -3420
2325 2326 9730
2326 2327 7376
2327 2328 -5217
2328 2329 9581
2329 2330 2017
2330 2331 4574
2331 2332 -2547
2332 2333 6294
2333 2334 552
2334 2335 -4242
2335 2336 1378
2336 2337 -1320
2337 2338 -4399
2338 2339 5545
2339 2340 5056
2340 2341 -720
2341 2342 -5109
2342 2343 -3669
2343 2344 -3913
2344 2345 -454
2345 2346 2072
2346 2347 7082
2347 2348 6395
2348 2349 2221
2349 2350 9629
2350 2351 -6046
2351 2352 -4890
2352 2353 -6486
2353 2354 1517
2354 2355 5693
2355 2356 9364
2356 2357 350
2357 2358 -9575
2358 2359 1348
2359 2360 9316
2360 2361 -4622
2361 2362 882
2362 2363 9557
2363 2364 1042
2364 2365 -3421
2365 2366 3789
2366 2367 2858
2367 2368 8110
2368 2369 -6621
2369 2370 1318
2370 2371 -5033
2371 2372 3207
2372 2373 8020
2373 2374 -1755
2374 2375 -6707
2375 2376 4713
2376 2377 1963
2377 2378 976
2378 2379 -7090
2379 2380 6018
2380 2381 -4623
2381 2382 -5538
2382 2383 7437
2383 2384 -4588
2384 2385 1472
2385 2386 -1545
2386 2387 -7642
2387 2388 2225
2388 2389 8215
2389 2390 7547
2390 2391 631
2391 2392 -8567
2392 2393 -4572
2393 2394 8593
2394 2395 7894
2395 2396 5048
2396 2397 -6904
2397 2398 -7343
2398 2399 -463
2399 2400 -7882
2400 2401 2925
2401 2402 -248
2402 2403 -4240
2403 2404 -8095
2404 2405 -5473
2405 2406 -4961
2406 2407 -2908
2407 2408 4562
2408 2409 5378
2409 2410 -2387
2410 2411 -2763
2411 2412 4216
2412 2413 -8167
2413 2414 -817
2414 2415 4032
2415 2416 9170
2416 2417 -5137
2417 2418 -3266
2418 2419 9930
2419 2420 -8870
2420 2421 -3973
2421 2422 2500
2422 2423 -5038
2423 2424 4485
2424 2425 4461
2425 2426 8936
2426 2427 -2051
2427 2428 -8099
2428 2429 -9219
2429 2430 -4097
2430 2431 -1241
2431 2432 5503
2432 2433 4568
2433 2434 9252
2434 2435 -20
2435 2436 293
2436 2437 6280
2437 2438 4800
2438 2439 2815
2439 2440 -5988
2440 2441 2008
2441 2442 4917
2442 2443 4310
2443 2444 2100
2444 2445 9171
2445 2446 -1609
2446 2447 2616
2447 2448 -9563
2448 2449 -4347
2449 2450 5632
2450 2451 -583
2451 2452 -7846
2452 2453 7940
2453 2454 2265
2454 2455 6204
2455 2456 9726
2456 2457 8860
2457 2458 8146
2458 2459 3772
2459 2460 -4936
2460 2461 -6756
2461 2462 -5541
2462 2463 5740
2463 2464 -391
2464 2465 806
2465 2466 -5093
2466 2467 7493
2467 2468 -3929
2468 2469 -4437
2469 2470 -281
2470 2471 1305
2471 2472 5819
2472 2473 -9251
2473 2474 1655
2474 2475 -1691
2475 2476 2527
2476 2477 5201
2477 2478 -5807
2478 2479 -9181
2479 2480 970
2480 2481 -4194
2481 2482 4166
2482 2483 -3218
2483 2484 1529
2484 2485 6826
2485 2486 -463
2486 2487 4454
2487 2488 3013
2488 2489 8359
2489 2490 523
2490 2491 3029
2491 2492 -9571
2492 2493 7944
2493 2494 -7619
2494 2495 -5220
2495 2496 -1080
2496 2497 6133
2497 2498 -4570
2498 2499 -2730
2499 2500 4868
2500 2501 590
2501 2502 5734
2502 2503 -8302
2503 2504 1421
2504 2505 3605
2505 2506 -7094
2506 2507 -105
2507 2508 -2902
2508 2509 7330
2509 2510 91
2510 2511 -7540
2511 2512 -3739
2512 2513 8955
2513 2514 -2856
2514 2515 -7552
2515 2516 -2608
2516 2517 -6756
2517 2518 -6182
2518 2519 1104
2519 2520 6097
2520 2521 8395
2521 2522 -8042
2522 2523 -759
2523 2524 6439
2524 2525 -8562
2525 2526 -8787
2526 2527 5908
2527 2528 -4369
2528 2529 2237
2529 2530 1672
2530 2531 1350
2531 2532 -2418
2532 2533 -5475
2533 2534 4325
2534 2535 1728
2535 2536 400
2536 2537 -6168
2537 2538 -1545
2538 2539 460
2539 2540 806
2540 2541 -7795
2541 2542 5299
2542 2543 4345
2543 2544 -4610
2544 2545 6444
2545 2546 7791
2546 2547 7235
2547 2548 -7977
2548 2549 3555
2549 2550 -6542
2550 2551 -1955
2551 2552 -3987
2552 2553 2885
2553 2554 -7816
2554 2555 -2626
2555 2556 -4251
2556 2557 -6798
2557 2558 -8414
2558 2559 -5332
2559 2560 -118
2560 2561 1793
2561 2562 940
2562 2563 5170
2563 2564 -6739
2564 2565 6525
2565 2566 -7991
2566 2567 -9822
2567 2568 -2492
2568 2569 -3835
2569 2570 8746
2570 2571 5186
2571 2572 -5207
2572 2573 6290
2573 2574 2791
2574 2575 -4189
2575 2576 -8972
2576 2577 -6309
2577 2578 -5343
2578 2579 9229
2579 2580 9891
2580 2581 7005
2581 2582 1692
2582 2583 -3719
2583 2584 -6913
2584 2585 2672
2585 2586 -8632
2586 2587 6975
2587 2588 3940
2588 2589 9154
2589 2590 -7222
2590 2591 1919
2591 2592 -2066
2592 2593 -8613
2593 2594 -6010
2594 2595 -6305
2595 2596 9117
2596 2597 2287
2597 2598 9451
2598 2599 -3584
2599 2600 945
2600 2601 -4832
2601 2602 9405
2602 2603 2514
2603 2604 3543
2604 2605 -9974
2605 2606 4688
2606 2607 6533
2607 2608 7757
2608 2609 -6738
2609 2610 -4125
2610 2611 4592
2611 2612 9770
2612 2613 934
2613 2614 -8970
2614 2615 1372
2615 2616 -4057
2616 2617 -4530
2617 2618 8550
2618 2619 -2402
2619 2620 -2532
2620 2621 1975
2621 2622 6934
2622 2623 7522
2623 2624 -8587
2624 2625 -2919
2625 2626 9843
2626 2627 -6794
2627 2628 -4486
2628 2629 4879
2629 2630 2979
2630 2631 5835
2631 2632 -5698
2632 2633 8962
2633 2634 -4161
2634 2635 -4307
2635 2636 4729
2636 2637 -972
2637 2638 5678
2638 2639 -2628
2639 2640 -9147
2640 2641 1636
2641 2642 3928
2642 2643 6438
2643 2644 618
2644 2645 -6300
2645 2646 8442
2646 2647 6728
2647 2648 -5101
2648 2649 5745
2649 2650 246
2650 2651 4092
2651 2652 -7725
2652 2653 493
2653 2654 9102
2654 2655 3294
2655 2656 2522
2656 2657 5647
2657 2658 -2281
2658 2659 -9056
2659 2660 -5743
2660 2661 -5942
2661 2662 189
2662 2663 -8007
2663 2664 -4698
2664 2665 3108
2665 2666 5823
2666 2667 -3400
2667 2668 -8476
2668 2669 1561
2669 2670 6823
2670 2671 3342
2671 2672 6105
2672 2673 6505
2673 2674 6546
2674 2675 -8060
2675 2676 7160
2676 2677 2198
2677 2678 -4357
2678 2679 8608
2679 2680 -4503
2680 2681 -2754
2681 2682 -3969
2682 2683 -7425
2683 2684 -8478
2684 2685 7586
2685 2686 6033
2686 2687 -4861
2687 2688 2442
2688 2689 1051
2689 2690 9380
2690 2691 -8239
2691 2692 3140
2692 2693 -2722
2693 2694 6798
2694 2695 -7418
2695 2696 9520
2696 2697 5098
2697 2698 -4350
2698 2699 -2705
2699 2700 2025
2700 2701 -7919
2701 2702 -6111
2702 2703 798
2703 2704 -5463
2704 2705 9687
2705 2706 -5127
2706 2707 -6289
2707 2708 7116
2708 2709 9533
2709 2710 2905
2710 2711 -9147
2711 2712 -7319
2712 2713 -6594
2713 2714 4621
2714 2715 -106
2715 2716 -2058
2716 2717 -1967
2717 2718 4245
2718 2719 -2729
2719 2720 6215
2720 2721 5662
2721 2722 8586
2722 2723 7671
2723 2724 -9061
2724 2725 5036
2725 2726 7361
2726 2727 -5516
2727 2728 -5183
2728 2729 3857
2729 2730 -8938
2730 2731 1130
2731 2732 -5904
2732 2733 9621
2733 2734 -9036
2734 2735 -6989
2735 2736 1758
2736 2737 6687
2737 2738 9197
2738 2739 -7383
2739 2740 -9670
2740 2741 8232
2741 2742 7781
2742 2743 7897
2743 2744 6557
2744 2745 -1739
2745 2746 -3359
2746 2747 -1997
2747 2748 9705
2748 2749 7233
2749 2750 -9129
2750 2751 -6142
2751 2752 8804
2752 2753 3187
2753 2754 -8343
2754 2755 -813
2755 2756 9771
2756 2757 8326
2757 2758 2964
2758 2759 2073
2759 2760 -4920
2760 2761 -7112
2761 2762 9724
2762 2763 -5074
2763 2764 -9608
2764 2765 9552
2765 2766 7667
2766 2767 -5914
2767 2768 -5218
2768 2769 5569
2769 2770 585
2770 2771 5753
2771 2772 2951
2772 2773 -557
2773 2774 -6010
2774 2775 -5690
2775 2776 -502
2776 2777 5340
2777 2778 1198
2778 2779 4447
2779 2780 1257
2780 2781 -2841
2781 2782 4740
2782 2783 -4122
2783 2784 4462
2784 2785 -1590
2785 2786 2245
2786 2787 8160
2787 2788 1512
2788 2789 4598
2789 2790 -2304
2790 2791 3970
2791 2792 6788
2792 2793 -2620
2793 2794 -1574
2794 2795 -1446
2795 2796 -910
2796 2797 9200
2797 2798 4326
2798 2799 4267
2799 2800 -6214
2800 2801 -807
2801 2802 -5700
2802 2803 9837
2803 2804 -5612
2804 2805 7138
2805 2806 2318
2806 2807 6332
2807 2808 8775
2808 2809 -5122
2809 2810 -8566
2810 2811 4114
2811 2812 -2786
2812 2813 7405
2813 2814 -5341
2814 2815 -7851
2815 2816 -5359
2816 2817 -7192
2817 2818 -305
2818 2819 -9035
2819 2820 5946
2820 2821 -2512
2821 2822 -5318
2822 2823 7419
2823 2824 6815
2824 2825 8639
2825 2826 6448
2826 2827 5395
2827 2828 -2569
2828 2829 -6003
2829 2830 1144
2830 2831 -1635
2831 2832 4739
2832 2833 9068
2833 2834 -420
2834 2835 -2355
2835 2836 423
2836 2837 -1852
2837 2838 3210
2838 2839 -6106
2839 2840 -6217
2840 2841 -7732
2841 2842 -2108
2842 2843 -888
2843 2844 -3838
2844 2845 1588
2845 2846 -8803
2846 2847 4222
2847 2848 6831
2848 2849 2624
2849 2850 6571
2850 2851 5009
2851 2852 -1524
2852 2853 9919
2853 2854 352
2854 2855 -4118
2855 2856 -4324
2856 2857 -4414
2857 2858 -1949
2858 2859 8417
2859 2860 -26
2860 2861 -5105
2861 2862 -1929
2862 2863 6663
2863 2864 -7936
2864 2865 -9638
2865 2866 3934
2866 2867 -7301
2867 2868 -4101
2868 2869 -9491
2869 2870 -7818
2870 2871 -8580
2871 2872 1627
2872 2873 -2348
2873 2874 389
2874 2875 -6133
2875 2876 4305
2876 2877 -9930
2877 2878 -8190
2878 2879 6032
2879 2880 -5455
2880 2881 7051
2881 2882 -3184
2882 2883 7758
2883 2884 4446
2884 2885 -4622
2885 2886 -7995
2886 2887 4248
2887 2888 1493
2888 2889 -8285
2889 2890 7078
2890 2891 -3661
2891 2892 -3346
2892 2893 5977
2893 2894 -1420
2894 2895 -1068
2895 2896 1416
2896 2897 -1254
2897 2898 2258
2898 2899 -5341
2899 2900 2938
2900 2901 -3901
2901 2902 -7923
2902 2903 -4926
2903 2904 -4514
2904 2905 2887
2905 2906 9534
2906 2907 9958
2907 2908 -6074
2908 2909 6294
2909 2910 -9634
2910 2911 -5750
2911 2912 -2879
2912 2913 45
2913 2914 -3990
2914 2915 -6688
2915 2916 2214
2916 2917 -5040
2917 2918 8538
2918 2919 2849
2919 2920 -2755
2920 2921 3982
2921 2922 -8348
2922 2923 -654
2923 2924 9481
2924 2925 8030
2925 2926 -9815
2926 2927 6359
2927 2928 -5093
2928 2929 8174
2929 2930 -4034
2930 2931 -166
2931 2932 9903
2932 2933 8038
2933 2934 5885
2934 2935 -9131
2935 2936 -7100
2936 2937 5651
2937 2938 8821
2938 2939 347
2939 2940 1268
2940 2941 -9152
2941 2942 5948
2942 2943 -899
2943 2944 6601
2944 2945 -6942
2945 2946 -1345
2946 2947 -616
2947 2948 -363
2948 2949 608
2949 2950 -1181
2950 2951 -4427
2951 2952 -102
2952 2953 1635
2953 2954 5676
2954 2955 -3045
2955 2956 4321
2956 2957 3165
2957 2958 -1357
2958 2959 1800
2959 2960 -5616
2960 2961 -1983
2961 2962 4691
2962 2963 3326
2963 2964 8187
2964 2965 4104
2965 2966 5383
2966 2967 8298
2967 2968 -550
2968 2969 9993
2969 2970 8785
2970 2971 -7115
2971 2972 7033
2972 2973 9755
2973 2974 -4181
2974 2975 5368
2975 2976 9043
2976 2977 7956
2977 2978 3173
2978 2979 7596
2979 2980 9630
2980 2981 -4386
2981 2982 -2610
2982 2983 3700
2983 2984 -2110
2984 2985 -6513
2985 2986 972
2986 2987 99
2987 2988 -9366
2988 2989 -6936
2989 2990 6901
2990 2991 -6606
2991 2992 5955
2992 2993 -7765
2993 2994 -3463
2994 2995 702
2995 2996 2953
2996 2997 -3903
2997 2998 -7671
2998 2999 6968
2999 3000 -5669
3000 3001 4125
3001 3002 -8338
3002 3003 -340
3003 3004 -3439
3004 3005 5571
3005 3006 6669
3006 3007 2569
3007 3008 -8764
3008 3009 8051
3009 3010 -7373
3010 3011 7262
3011 3012 -1658
3012 3013 -4062
3013 3014 -9179
3014 3015 3423
3015 3016 -7117
3016 3017 8047
3017 3018 471
3018 3019 4240
3019 3020 -7032
3020 3021 3236
3021 3022 2061
3022 3023 -4818
3023 3024 -4812
3024 3025 2530
3025 3026 1186
3026 3027 6243
3027 3028 3289
3028 3029 8740
3029 3030 2808
3030 3031 -27
3031 3032 197
3032 3033 9233
3033 3034 -6555
3034 3035 -1501
3035 3036 -5369
3036 3037 -5765
3037 3038 -82
3038 3039 -352
3039 3040 7004
3040 3041 -8023
3041 3042 -2235
3042 3043 -9201
3043 3044 -608
3044 3045 -1198
3045 3046 -2429
3046 3047 3330
3047 3048 4032
3048 3049 3243
3049 3050 -818
3050 3051 -4748
3051 3052 -1014
3052 3053 -2260
3053 3054 -6023
3054 3055 9622
3055 3056 -2895
3056 3057 1984
3057 3058 -9177
3058 3059 -571
3059 3060 9941
3060 3061 9083
3061 3062 9920
3062 3063 4241
3063 3064 1632
3064 3065 7598
3065 3066 1213
3066 3067 -9111
3067 3068 8971
3068 3069 3228
3069 3070 9447
3070 3071 -6631
3071 3072 -1320
3072 3073 9417
3073 3074 -1786
3074 3075 7678
3075 3076 7425
3076 3077 2641
3077 3078 -2163
3078 3079 -9222
3079 3080 6987
3080 3081 6590
3081 3082 -8399
3082 3083 9692
3083 3084 2210
3084 3085 -5548
3085 3086 8985
3086 3087 5104
3087 3088 8882
3088 3089 3717
3089 3090 -7852
3090 3091 -2436
3091 3092 1239
3092 3093 -2996
3093 3094 1221
3094 3095 -2231
3095 3096 3872
3096 3097 -2358
3097 3098 8358
3098 3099 -4112
3099 3100 8584
3100 3101 6212
3101 3102 8202
3102 3103 -9566
3103 3104 5454
3104 3105 -6238
3105 3106 -2100
3106 3107 -7672
3107 3108 8147
3108 3109 5437
3109 3110 6860
3110 3111 -2829
3111 3112 1544
3112 3113 -5192
3113 3114 1915
3114 3115 -8097
3115 3116 -9270
3116 3117 -6230
3117 3118 -3575
3118 3119 3814
3119 3120 9211
3120 3121 -4003
3121 3122 -8229
3122 3123 -2149
3123 3124 -4322
3124 3125 3710
3125 3126 -3873
3126 3127 -9355
3127 3128 1549
3128 3129 -8332
3129 3130 -3933
3130 3131 2714
3131 3132 9090
3132 3133 -1229
3133 3134 -3931
3134 3135 1981
3135 3136 -4937
3136 3137 -7629
3137 3138 -2838
3138 3139 3318
3139 3140 255
3140 3141 889
3141 3142 9848
3142 3143 9353
3143 3144 1006
3144 3145 7923
3145 3146 9787
3146 3147 7220
3147 3148 -9977
3148 3149 -2723
3149 3150 -8854
3150 3151 -3753
3151 3152 5758
3152 3153 6994
3153 3154 -9647
3154 3155 -7107
3155 3156 5401
3156 3157 -433
3157 3158 -2604
3158 3159 -1608
3159 3160 4649
3160 3161 6062
3161 3162 -249
3162 3163 8637
3163 3164 3469
3164 3165 -6096
3165 3166 2756
3166 3167 -7716
3167 3168 8333
3168 3169 -3017
3169 3170 9280
3170 3171 -6752
3171 3172 -5984
3172 3173 1365
3173 3174 -3180
3174 3175 -9169
3175 3176 -7549
3176 3177 420
3177 3178 -1321
3178 3179 9825
3179 3180 -7825
3180 3181 -3801
3181 3182 -8951
3182 3183 -1676
3183 3184 -9647
3184 3185 -9827
3185 3186 8656
3186 3187 9482
3187 3188 -8002
3188 3189 7386
3189 3190 1896
3190 3191 -1946
3191 3192 -3399
3192 3193 2114
3193 3194 4007
3194 3195 -8386
3195 3196 5941
3196 3197 -4778
3197 3198 -359
3198 3199 861
3199 3200 3344
3200 3201 4911
3201 3202 6457
3202 3203 9970
3203 3204 -7493
3204 3205 7521
3205 3206 3471
3206 3207 8889
3207 3208 -5290
3208 3209 5162
3209 3210 -1400
3210 3211 -7877
3211 3212 2709
3212 3213 5983
3213 3214 7612
3214 3215 1571
3215 3216 -8714
3216 3217 5220
3217 3218 7028
3218 3219 793
3219 3220 6452
3220 3221 5465
3221 3222 9002
3222 3223 9255
3223 3224 9487
3224 3225 6354
3225 3226 -4166
3226 3227 -667
3227 3228 3800
3228 3229 7445
3229 3230 2889
3230 3231 -8152
3231 3232 -6622
3232 3233 6569
3233 3234 -5756
3234 3235 -347
3235 3236 14
3236 3237 -7747
3237 3238 -9126
3238 3239 8722
3239 3240 -196
3240 3241 6968
3241 3242 -6443
3242 3243 -4685
3243 3244 4499
3244 3245 5983
3245 3246 -449
3246 3247 6820
3247 3248 -662
3248 3249 -1185
3249 3250 -4391
3250 3251 -5568
3251 3252 -5659
3252 3253 -3985
3253 3254 9212
3254 3255 1717
3255 3256 -1491
3256 3257 -1958
3257 3258 -1335
3258 3259 4780
3259 3260 -1734
3260 3261 4069
3261 3262 9765
3262 3263 2848
3263 3264 -8713
3264 3265 107
3265 3266 8461
3266 3267 -5483
3267 3268 2997
3268 3269 2380
3269 3270 -3197
3270 3271 6690
3271 3272 7712
3272 3273 -7067
3273 3274 925
3274 3275 -8144
3275 3276 4653
3276 3277 -4983
3277 3278 8166
3278 3279 -7281
3279 3280 492
3280 3281 -7451
3281 3282 1258
3282 3283 3465
3283 3284 -4465
3284 3285 4328
3285 3286 5350
3286 3287 6433
3287 3288 1843
3288 3289 -2057
3289 3290 2905
3290 3291 -7525
3291 3292 6073
3292 3293 297
3293 3294 6052
3294 3295 6435
3295 3296 4463
3296 3297 -2558
3297 3298 7227
3298 3299 -9708
3299 3300 -6737
3300 3301 -3174
3301 3302 -3455
3302 3303 3770
3303 3304 3218
3304 3305 139
3305 3306 9949
3306 3307 -934
3307 3308 9889
3308 3309 -3169
3309 3310 2208
3310 3311 432
3311 3312 9473
3312 3313 -1962
3313 3314 6642
3314 3315 773
3315 3316 7322
3316 3317 8473
3317 3318 6237
3318 3319 -4113
3319 3320 -9929
3320 3321 -1763
3321 3322 2017
3322 3323 -9528
3323 3324 -9652
3324 3325 -1548
3325 3326 4708
3326 3327 -7467
3327 3328 5620
3328 3329 -3193
3329 3330 -2767
3330 3331 5701
3331 3332 -995
3332 3333 -668
3333 3334 6964
3334 3335 -7775
3335 3336 510
3336 3337 4191
3337 3338 -1849
3338 3339 -5963
3339 3340 -767
3340 3341 525
3341 3342 -1516
3342 3343 8497
3343 3344 1972
3344 3345 -3323
3345 3346 7906
3346 3347 -5249
3347 3348 1083
3348 3349 -6703
3349 3350 3251
3350 3351 -7086
3351 3352 2763
3352 3353 -2009
3353 3354 -7094
3354 3355 2776
3355 3356 -8574
3356 3357 -1250
3357 3358 8172
3358 3359 -712
3359 3360 -1723
3360 3361 -8213
3361 3362 -1752
3362 3363 1173
3363 3364 187
3364 3365 -6686
3365 3366 2247
3366 3367 -2798
3367 3368 3804
3368 3369 -4867
3369 3370 6149
3370 3371 1381
3371 3372 3712
3372 3373 8697
3373 3374 8866
3374 3375 8124
3375 3376 -1856
3376 3377 8437
3377 3378 -2103
3378 3379 9066
3379 3380 -8794
3380 3381 831
3381 3382 -7873
3382 3383 3198
3383 3384 -9109
3384 3385 -3879
3385 3386 2809
3386 3387 -3137
3387 3388 -6242
3388 3389 8125
3389 3390 6225
3390 3391 -3327
3391 3392 2053
3392 3393 -4854
3393 3394 949
3394 3395 8793
3395 3396 -9328
3396 3397 -2203
3397 3398 -2749
3398 3399 -5812
3399 3400 2609
3400 3401 -2306
3401 3402 931
3402 3403 -130
3403 3404 -991
3404 3405 3000
3405 3406 -9392
3406 3407 6064
3407 3408 7516
3408 3409 7263
3409 3410 6561
3410 3411 -3067
3411 3412 8415
3412 3413 6484
3413 3414 9277
3414 3415 4104
3415 3416 9932
3416 3417 -1723
3417 3418 5386
3418 3419 -2021
3419 3420 -1610
3420 3421 4518
3421 3422 5885
3422 3423 3168
3423 3424 -3378
3424 3425 5488
3425 3426 -64
3426 3427 7567
3427 3428 5703
3428 3429 -6628
3429 3430 -9965
3430 3431 2841
3431 3432 -9677
3432 3433 -8288
3433 3434 -4852
3434 3435 -6386
3435 3436 3740
3436 3437 -1586
3437 3438 -8887
3438 3439 8757
3439 3440 -7705
3440 3441 -9939
3441 3442 -4810
3442 3443 1030
3443 3444 6488
3444 3445 -5053
3445 3446 -8566
3446 3447 1057
3447 3448 -2069
3448 3449 9933
3449 3450 5982
3450 3451 -3854
3451 3452 8661
3452 3453 5834
3453 3454 8234
3454 3455 -1920
3455 3456 -2698
3456 3457 -2358
3457 3458 -2516
3458 3459 7253
3459 3460 8560
3460 3461 8999
3461 3462 1180
3462 3463 518
3463 3464 3568
3464 3465 -6586
3465 3466 2970
3466 3467 98
3467 3468 1215
3468 3469 6087
3469 3470 7876
3470 3471 -3212
3471 3472 -2694
3472 3473 707
3473 3474 4734
3474 3475 -1126
3475 3476 1316
3476 3477 -537
3477 3478 9349
3478 3479 6332
3479 3480 4549
3480 3481 7212
3481 3482 8023
3482 3483 -2700
3483 3484 -2415
3484 3485 6401
3485 3486 238
3486 3487 8750
3487 3488 4943
3488 3489 2710
3489 3490 1501
3490 3491 8856
3491 3492 -1322
3492 3493 -8822
3493 3494 2020
3494 3495 -4695
3495 3496 -3544
3496 3497 -3150
3497 3498 -9141
3498 3499 7656
3499 3500 -8149
3500 3501 7132
3501 3502 -6891
3502 3503 -4767
3503 3504 4603
3504 3505 -4501
3505 3506 -6818
3506 3507 -8982
3507 3508 6814
3508 3509 1562
3509 3510 4452
3510 3511 196
3511 3512 9058
3512 3513 8382
3513 3514 -9714
3514 3515 9440
3515 3516 7706
3516 3517 8335
3517 3518 4920
3518 3519 -4519
3519 3520 2175
3520 3521 5021
3521 3522 6672
3522 3523 -2129
3523 3524 5665
3524 3525 -303
3525 3526 -7765
3526 3527 -9970
3527 3528 -3097
3528 3529 -650
3529 3530 -3555
3530 3531 4963
3531 3532 -3765
3532 3533 -7229
3533 3534 4426
3534 3535 2297
3535 3536 -2625
3536 3537 -44
3537 3538 1885
3538 3539 -1480
3539 3540 6914
3540 3541 -5460
3541 3542 1480
3542 3543 3101
3543 3544 6205
3544 3545 9188
3545 3546 -1138
3546 3547 -479
3547 3548 2546
3548 3549 -3862
3549 3550 -7867
3550 3551 5095
3551 3552 -4717
3552 3553 -8764
3553 3554 -6322
3554 3555 -2989
3555 3556 967
3556 3557 1446
3557 3558 -6925
3558 3559 -4165
3559 3560 3846
3560 3561 8297
3561 3562 8423
3562 3563 -6217
3563 3564 -8352
3564 3565 -5947
3565 3566 -9485
3566 3567 1689
3567 3568 1036
3568 3569 6079
3569 3570 6600
3570 3571 69
3571 3572 2063
3572 3573 -3555
3573 3574 5925
3574 3575 2233
3575 3576 -5780
3576 3577 -3420
3577 3578 -9834
3578 3579 9789
3579 3580 -5643
3580 3581 -1697
3581 3582 3776
3582 3583 -4642
3583 3584 -3741
3584 3585 8264
3585 3586 -3492
3586 3587 1985
3587 3588 -6322
3588 3589 664
3589 3590 5012
3590 3591 -5259
3591 3592 -3255
3592 3593 -7799
3593 3594 -7368
3594 3595 -402
3595 3596 -2225
3596 3597 -2696
3597 3598 8742
3598 3599 -6254
3599 3600 3612
3600 3601 -5721
3601 3602 -5124
3602 3603 -7927
3603 3604 -8270
3604 3605 -3649
3605 3606 2202
3606 3607 -9268
3607 3608 6092
3608 3609 -5202
3609 3610 -937
3610 3611 -6803
3611 3612 5681
3612 3613 -5118
3613 3614 4485
3614 3615 -4058
3615 3616 -8082
3616 3617 -1452
3617 3618 7200
3618 3619 -9206
3619 3620 5743
3620 3621 8287
3621 3622 4257
3622 3623 -475
3623 3624 9219
3624 3625 509
3625 3626 -6797
3626 3627 -7570
3627 3628 6566
3628 3629 1747
3629 3630 -650
3630 3631 -512
3631 3632 5214
3632 3633 -3383
3633 3634 9729
3634 3635 5510
3635 3636 9862
3636 3637 -92
3637 3638 -616
3638 3639 -7974
3639 3640 5240
3640 3641 2482
3641 3642 -9927
3642 3643 6869
3643 3644 8822
3644 3645 -1526
3645 3646 1515
3646 3647 -4806
3647 3648 7524
3648 3649 -8282
3649 3650 -7564
3650 3651 4687
3651 3652 7458
3652 3653 8482
3653 3654 6130
3654 3655 -8175
3655 3656 -8049
3656 3657 -7401
3657 3658 6567
3658 3659 2716
3659 3660 1173
3660 3661 -3295
3661 3662 -8882
3662 3663 -4862
3663 3664 -8218
3664 3665 -5894
3665 3666 6769
3666 3667 -9731
3667 3668 8595
3668 3669 -4247
3669 3670 -1563
3670 3671 1141
3671 3672 -3386
3672 3673 -3117
3673 3674 -1515
3674 3675 -5057
3675 3676 -2894
3676 3677 -8059
3677 3678 4527
3678 3679 9768
3679 3680 208
3680 3681 2952
3681 3682 5491
3682 3683 5447
3683 3684 8258
3684 3685 -3395
3685 3686 -5281
3686 3687 -7323
3687 3688 -346
3688 3689 -9315
3689 3690 6066
3690 3691 -7084
3691 3692 -4490
3692 3693 -4506
3693 3694 -3607
3694 3695 -6336
3695 3696 -7167
3696 3697 -17
3697 3698 -2524
3698 3699 2900
3699 3700 8277
3700 3701 -8482
3701 3702 8820
3702 3703 -7940
3703 3704 3277
3704 3705 2306
3705 3706 -6507
3706 3707 6452
3707 3708 -514
3708 3709 -6000
3709 3710 -7177
3710 3711 4497
3711 3712 2926
3712 3713 9233
3713 3714 5333
3714 3715 6445
3715 3716 5011
3716 3717 -8381
3717 3718 9717
3718 3719 6316
3719 3720 4336
3720 3721 2793
3721 3722 -2136
3722 3723 -3367
3723 3724 721
3724 3725 5614
3725 3726 -8114
3726 3727 6020
3727 3728 3818
3728 3729 -1965
3729 3730 -2513
3730 3731 -6059
3731 3732 1579
3732 3733 1171
3733 3734 -4589
3734 3735 5635
3735 3736 -8623
3736 3737 3235
3737 3738 -6056
3738 3739 272
3739 3740 -6750
3740 3741 2736
3741 3742 -3809
3742 3743 -3583
3743 3744 -44
3744 3745 -1710
3745 3746 3761
3746 3747 2333
3747 3748 5728
3748 3749 -8411
3749 3750 -9358
3750 3751 411
3751 3752 -9141
3752 3753 1086
3753 3754 333
3754 3755 -9388
3755 3756 2123
3756 3757 -2004
3757 3758 -7533
3758 3759 -1549
3759 3760 2973
3760 3761 -3270
3761 3762 -8782
3762 3763 -4152
3763 3764 1194
3764 3765 6259
3765 3766 1870
3766 3767 -4798
3767 3768 -5304
3768 3769 2654
3769 3770 -810
3770 3771 5038
3771 3772 6760
3772 3773 9713
3773 3774 7040
3774 3775 129
3775 3776 -7237
3776 3777 7637
3777 3778 -258
3778 3779 2033
3779 3780 -7843
3780 3781 6150
3781 3782 -7650
3782 3783 8269
3783 3784 -68
3784 3785 1865
3785 3786 -3758
3786 3787 6121
3787 3788 6489
3788 3789 -9643
3789 3790 8686
3790 3791 1970
3791 3792 -2267
3792 3793 -2899
3793 3794 1683
3794 3795 -7083
3795 3796 -1575
3796 3797 9382
3797 3798 9440
3798 3799 -3162
3799 3800 3188
3800 3801 -4734
3801 3802 -4254
3802 3803 -9132
3803 3804 -581
3804 3805 9979
3805 3806 -7387
3806 3807 7805
3807 3808 -6735
3808 3809 7216
3809 3810 7905
3810 3811 -6691
3811 3812 9715
3812 3813 -2489
3813 3814 -5663
3814 3815 -1660
3815 3816 5433
3816 3817 -8487
3817 3818 1264
3818 3819 4134
3819 3820 -3211
3820 3821 -9209
3821 3822 -7693
3822 3823 -4941
3823 3824 -125
3824 3825 -9921
3825 3826 5316
3826 3827 -6687
3827 3828 9444
3828 3829 -2970
3829 3830 79
3830 3831 6497
3831 3832 -4262
3832 3833 -5987
3833 3834 6521
3834 3835 -733
3835 3836 1619
3836 3837 9755
3837 3838 2362
3838 3839 7577
3839 3840 -5454
3840 3841 3578
3841 3842 -8336
3842 3843 1776
3843 3844 -4355
3844 3845 -4126
3845 3846 7637
3846 3847 -6140
3847 3848 -5653
3848 3849 -9905
3849 3850 -918
3850 3851 1557
3851 3852 -1470
3852 3853 1872
3853 3854 -9051
3854 3855 -2174
3855 3856 1229
3856 3857 -5674
3857 3858 7698
3858 3859 5559
3859 3860 -9283
3860 3861 -771
3861 3862 -9245
3862 3863 -5082
3863 3864 -9982
3864 3865 -1629
3865 3866 2983
3866 3867 7157
3867 3868 9162
3868 3869 9161
3869 3870 9378
3870 3871 9579
3871 3872 6703
3872 3873 6396
3873 3874 -5717
3874 3875 715
3875 3876 2739
3876 3877 -6515
3877 3878 7905
3878 3879 -1340
3879 3880 9913
3880 3881 -3806
3881 3882 8706
3882 3883 -2796
3883 3884 9357
3884 3885 9141
3885 3886 7767
3886 3887 -8415
3887 3888 2525
3888 3889 3734
3889 3890 5783
3890 3891 4968
3891 3892 -1491
3892 3893 -8449
3893 3894 -131
3894 3895 -5300
3895 3896 7196
3896 3897 8955
3897 3898 3804
3898 3899 -7689
3899 3900 1735
3900 3901 -8284
3901 3902 8017
3902 3903 1901
3903 3904 7669
3904 3905 -6312
3905 3906 -5617
3906 3907 -4379
3907 3908 571
3908 3909 8855
3909 3910 3723
3910 3911 -4212
3911 3912 -8000
3912 3913 7871
3913 3914 3336
3914 3915 1012
3915 3916 -2326
3916 3917 -1630
3917 3918 -3031
3918 3919 6019
3919 3920 6528
3920 3921 -3205
3921 3922 -8276
3922 3923 -1026
3923 3924 -4115
3924 3925 -300
3925 3926 6906
3926 3927 -8959
3927 3928 -9802
3928 3929 -456
3929 3930 -8636
3930 3931 8418
3931 3932 -422
3932 3933 2557
3933 3934 -2843
3934 3935 453
3935 3936 -1817
3936 3937 2716
3937 3938 4747
3938 3939 2749
3939 3940 -9714
3940 3941 7182
3941 3942 4122
3942 3943 -5809
3943 3944 -2745
3944 3945 -2132
3945 3946 4333
3946 3947 2850
3947 3948 -5860
3948 3949 9410
3949 3950 6186
3950 3951 -7922
3951 3952 8189
3952 3953 -3778
3953 3954 -2806
3954 3955 6928
3955 3956 5582
3956 3957 -6187
3957 3958 -8196
3958 3959 -1914
3959 3960 4173
3960 3961 3469
3961 3962 6242
3962 3963 -9500
3963 3964 7103
3964 3965 1333
3965 3966 6170
3966 3967 5339
3967 3968 -8822
3968 3969 -6333
3969 3970 -5953
3970 3971 1668
3971 3972 -8453
3972 3973 3031
3973 3974 1601
3974 3975 3647
3975 3976 -6623
3976 3977 -7892
3977 3978 6809
3978 3979 -8493
3979 3980 5724
3980 3981 6497
3981 3982 -2821
3982 3983 -9989
3983 3984 6826
3984 3985 -4792
3985 3986 7175
3986 3987 8882
3987 3988 -7727
3988 3989 4800
3989 3990 -5483
3990 3991 -7617
3991 3992 4609
3992 3993 -6752
3993 3994 7068
3994 3995 -7453
3995 3996 -4138
3996 3997 5070
3997 3998 -1653
3998 3999 8918
3999 4000 2606
2 3918 -9807
3 1355 2452
4 2780 -2673
6 3844 2546
7 1713 2155
8 2360 6487
10 528 -1710
12 1447 8380
13 171 3299
17 2207 -4689
21 3147 7009
22 3321 4291
27 585 -3002
28 3572 -9621
32 1684 -1024
33 2043 -2454
37 3665 72
41 1163 -1940
42 451 3414
44 3024 7782
45 2800 -6821
55 2597 -1121
56 2142 -6251
60 948 -9269
62 3770 4620
63 2381 -9299
64 3101 4881
72 3876 -9844
74 1438 7074
78 781 8981
79 415 8083
80 3234 -7661
84 1024 4312
86 1069 -5451
88 2992 -3426
94 1638 3372
101 925 6289
102 1942 1095
104 2799 -5083
107 2274 -3386
110 345 -4859
111 689 3682
116 1761 -5441
121 1059 3412
123 2122 726
125 3306 -8909
129 2349 6336
131 608 -8975
138 1272 1324
142 3958 5383
147 772 -4634
151 1901 -5208
153 2860 -9493
154 446 6447
158 3504 6689
159 1552 -9634
161 2719 -1882
168 1395 -6408
169 1980 4614
170 2300 9269
172 1023 -218
173 3483 1434
175 3265 -3776
176 3491 2775
179 3225 4151
183 436 8209
187 2552 -4404
189 2493 9609
190 2962 -2592
194 2236 -7278
196 1061 984
197 1769 7913
199 2020 -5402
201 2998 8187
203 1263 -7716
204 3021 6612
211 1363 -668
212 1159 71
215 2213 -2302
217 505 2788
220 2008 -7804
222 880 -6997
234 386 1123
239 3347 -2630
240 2441 627
244 3885 -8860
249 1730 9339
252 2609 5590
253 829 -5114
254 548 -1757
259 696 -2772
264 3686 3442
273 2340 4901
275 3617 5055
279 2732 2495
285 3705 5010
287 3687 -7295
294 337 -9560
299 3352 -8889
302 2150 1091
303 1445 249
308 1445 3294
309 3699 7882
312 3944 7953
316 716 -242
321 3488 4315
324 1859 4706
325 2324 9978
326 3585 -3833
327 1658 5310
328 2243 -3087
329 1012 -2802
338 3122 -8989
341 3589 -7144
346 3938 -7302
349 1736 3233
351 835 -2109
352 785 -8887
361 1294 9840
363 3177 1008
364 752 6651
365 2184 -3096
368 2503 9118
377 2618 7959
381 1262 -292
383 412 7567
386 1533 1146
388 1208 1165
391 548 -4044
394 2039 6338
398 750 -9614
401 3004 4097
402 2648 -8255
404 2565 2015
405 1509 -4875
406 1422 -4658
413 1124 7981
415 2633 627
417 25 8513
418 2026 3594
421 3559 5128
422 3661 -9708
430 1867 5662
432 3975 8788
434 3201 -5266
441 3262 -8361
443 1870 3575
444 362 3329
448 2189 -870
455 765 -2531
458 3934 -6643
459 523 -1754
462 2186 3560
463 997 -1053
465 537 7202
472 1064 2706
473 3163 -319
474 1570 -3578
475 3407 8993
477 825 7027
478 2332 9435
484 3844 2149
485 3379 -6425
489 3307 -1936
490 2110 -137
491 838 492
492 3469 6036
496 935 -19
498 178 5596
501 3945 -7399
504 2745 7719
506 528 -829
512 693 3559
515 3528 6490
525 746 -455
538 300 7175
542 2027 -3446
543 1300 -1927
547 1448 -2732
548 2557 2155
549 1424 744
550 3124 -3860
557 2562 9901
560 14 -8559
562 962 9585
566 24 -8291
578 1205 4399
580 3116 -2417
581 1267 5131
583 2788 8894
586 563 7091
588 711 -3207
589 132 -2866
590 218 -2088
591 713 1126
595 3456 8270
601 1252 -4664
603 940 -9369
606 3831 4911
608 3015 -23
611 1742 -5092
612 1782 7021
614 2629 4148
617 2566 -3443
620 1901 7710
624 2908 -4859
626 2362 3318
629 2693 -3984
631 659 8433
632 3657 389
639 138 -1499
642 1315 -6646
651 423 7297
652 1681 -3637
657 538 -8242
659 3380 -4460
661 214 7294
663 3727 7788
675 2262 3558
676 2661 -2367
677 3539 -7455
678 3093 -2340
679 3391 -867
680 1083 3440
684 2353 -202
686 1540 -1964
689 2202 -162
692 2861 8085
694 3372 -9986
704 190 3409
707 2208 1223
708 986 -8031
714 3919 -9367
722 311 8050
727 654 -6653
728 165 -6516
729 1372 8404
732 2295 340
733 862 -7306
734 2913 -6429
739 650 1820
744 2508 4898
745 2603 -6881
746 3578 -8245
747 1029 8079
751 549 6489
752 588 2691
760 3450 -1773
761 831 -9634
763 3814 3811
767 694 -1032
770 2187 -8605
771 2219 3945
772 3366 -7537
775 1803 -2691
776 3384 -3451
778 3115 940
781 314 6663
782 2254 -5820
784 491 -6775
785 3745 7371
786 2057 7565
787 3058 6100
788 3275 -9535
789 196 6019
790 2301 -8852
796 1644 -7430
799 2506 3048
802 2461 2090
803 3999 2507
808 3990 -9985
816 337 280
820 3278 3264
822 2866 -2463
831 1854 6957
834 973 -4678
835 1413 -9543
837 2455 5568
838 373 -1263
839 650 7210
842 2119 -9594
846 633 -155
847 1376 1498
848 795 9219
851 3446 725
853 1464 3813
856 1313 2085
857 712 2569
859 60 4812
861 3649 -5807
863 1225 -8167
865 1424 7572
866 3253 -4330
868 1250 2847
870 1936 4607
871 1943 -6934
877 1389 -5968
879 850 -8630
880 2416 -5436
881 392 1526
884 3252 -3800
887 1181 -1739
894 992 4664
895 3313 8160
899 1070 7847
900 1665 2457
909 1240 5813
911 3838 1669
916 3941 7231
917 2657 6898
923 2210 5719
937 1639 8836
940 3431 -2269
946 1868 2254
947 2476 1020
948 3392 4936
949 3421 1133
951 2445 -1939
959 1802 -6345
960 3636 1430
961 272 -7026
967 444 -4815
968 1688 -5759
969 47 1186
971 3412 670
972 249 7263
982 1313 -5155
990 3264 4968
997 227 1335
1001 29 -195
1002 1659 -4439
1003 1877 5539
1009 1066 9031
1012 2963 9975
1022 1269 -3394
1023 183 -6143
1026 711 3931
1033 3705 633
1034 277 7002
1038 44 -7478
1041 1383 988
1042 3674 1901
1043 3029 1534
1045 762 8015
1047 1330 -6851
1049 1408 -8603
1055 1150 -689
1057 129 2858
1059 2761 9863
1060 1806 198
1061 2858 -7371
1063 71 1634
1066 820 -8222
1067 917 -6451
1069 3361 -3369
1079 3355 -8256
1081 1217 -7275
1084 288 -3704
1090 3426 5882
1093 814 5421
1095 2269 9589
1103 2933 6401
1105 3759 2320
1106 2990 -4721
1111 3127 2183
1112 1707 -966
1113 3533 -8946
1114 804 -1292
1117 192 -3738
1123 2567 -120
1126 1927 3992
1130 3678 8664
1135 589 -8758
1142 467 1291
1147 141 2727
1148 211 1015
1152 688 -4986
1153 3411 -3482
1156 2881 -1220
1159 1588 -7965
1160 3287 -7652
1161 3694 2716
1163 2505 8819
1165 3020 4779
1166 3227 6691
1169 103 -8060
1170 2779 1828
1173 80 -3551
1174 535 -8057
1175 2572 3151
1178 3034 171
1179 1153 3066
1184 3020 -5653
1185 1266 -6850
1190 1180 6778
1194 2162 -5455
1199 580 240
1201 2507 9898
1213 2962 -3416
1216 91 8191
1217 2465 -2110
1220 949 -9045
1221 1297 9456
1223 2189 -9099
1225 2253 9033
1229 3269 -2304
1230 288 -9276
1238 1180 -4974
1241 3056 44
1246 1005 -6884
1247 3414 5685
1250 1196 2485
1251 3023 -5779
1253 2243 3142
1254 643 -523
1255 3647 -6669
1259 3505 8416
1260 3902 9462
1267 140 -1761
1268 593 2498
1271 3931 1470
1273 455 2392
1274 111 -8631
1277 3563 -264
1282 2509 -4627
1284 1758 -9599
1287 733 -5289
1288 3929 8068
1292 3756 8071
1293 820 5296
1304 3971 6062
1306 2257 -8135
1308 666 6693
1314 2269 2883
1319 492 2378
1331 1268 -7485
1332 29 -3327
1334 2654 -2176
1336 3767 -4823
1337 1022 -2020
1338 2280 9495
1340 272 7606
1341 3638 -838
1346 2577 -750
1347 3935 -1777
1348 302 984
1350 2325 -1704
1354 3487 -5896
1356 3045 -2607
1360 3881 -6496
1362 1476 -4964
1364 294 7165
1365 3818 -7695
1368 1829 1981
1382 3284 8733
1385 585 5324
1386 2931 4611
1387 2197 7126
1388 872 1973
1392 3185 -6443
1397 2388 598
1398 3291 -5081
1399 1527 3131
1406 406 -5598
1407 1933 -9239
1409 673 -1491
1410 757 -2959
1415 1639 863
1418 58 6915
1419 3604 -7157
1420 120 6151
1423 1505 -3749
1424 978 2209
1425 745 -7550
1426 2942 918
1428 362 -7778
1429 3812 8444
1430 2283 -3231
1432 2149 -3589
1437 3974 -6705
1439 1329 9811
1440 3492 -3678
1441 2744 242
1443 1558 -8428
1446 2628 6451
1447 2493 -8375
1449 725 4133
1452 710 728
1453 3277 3927
1454 3729 -3912
1457 1904 3395
1463 125 -4058
1464 1330 7432
1468 1338 -3433
1470 1981 7932
1471 620 4755
1476 155 -8478
1481 3806 2806
1483 648 6176
1484 3132 9582
1486 1717 2227
1488 2390 -9476
1492 919 -3307
1493 1340 5890
1495 2221 -2618
1499 1400 -6213
1500 3936 2064
1507 3948 5162
1511 2553 8479
1514 1330 -716
1521 614 -8143
1522 2673 -9848
1524 3763 -6129
1525 991 -6915
1527 717 -3403
1530 1602 -3042
1533 1132 -6050
1542 2634 6833
1543 1344 -7938
1546 1901 9360
1547 3559 -5021
1549 3820 3685
1553 988 9335
1554 1933 -8469
1556 1676 -9315
1559 751 2688
1561 311 -7769
1566 2344 -3977
1568 1171 -1213
1569 1723 -8694
1574 1508 7184
1583 264 3547
1586 3757 -6308
1596 1846 -3650
1597 428 -9565
1602 1301 9762
1603 1824 9324
1607 912 4890
1610 3557 -9309
1611 587 9803
1612 2815 6743
1617 3004 8992
1618 2609 4957
1619 3891 6093
1620 3589 230
1623 599 4048
1624 2950 4637
1629 112 8511
1631 2503 -4468
1644 3760 -5546
1645 1813 6947
1646 3658 8340
1648 2640 8682
1652 3765 5563
1659 3859 -7315
1660 3850 -5188
1667 3631 -1289
1670 1663 -8054
1676 356 -1264
1677 82 6789
1680 3561 3498
1681 2340 6341
1691 3628 -9787
1692 3721 6934
1698 3394 3253
1701 687 4059
1702 3302 -692
1703 3127 5127
1704 1505 -5019
1708 168 577
1709 3743 4922
1710 2330 -6736
1712 3728 6664
1715 1252 -8922
1720 3847 9232
1722 1143 -7689
1724 2358 -7749
1725 3990 -3780
1727 2579 -5534
1728 819 2097
1730 1103 -3114
1731 299 2398
1735 3640 -3019
1736 606 418
1740 1776 -6102
1741 1933 4158
1744 1183 2987
1745 3167 6514
1746 2259 -6379
1749 3895 5215
1752 3312 7845
1754 946 9758
1758 1632 -3465
1762 2409 3819
1768 2751 3566
1769 2340 -4898
1771 363 6230
1773 1577 1715
1775 196 -134
1780 633 -8138
1782 3924 9714
1784 3508 7673
1785 2662 -425
1786 227 1426
1787 1385 -2141
1792 1297 9583
1793 3800 -5594
1802 3440 1693
1809 3182 4989
1813 2912 -6866
1815 2513 511
1819 1472 -4635
1825 859 -5315
1831 3188 -9239
1837 1393 656
1839 3377 -7220
1840 3950 -8549
1843 2398 -5193
1848 2065 8004
1850 1938 -2922
1856 659 -6289
1858 1003 4571
1861 28 3811
1865 49 3655
1867 3263 7156
1869 2238 -995
1872 993 -6904
1874 2120 -2574
1876 1180 2227
1879 3930 3778
1887 3451 -3301
1888 1188 4161
1891 2743 4876
1892 2955 8164
1893 390 7232
1898 1466 -7770
1900 2251 -5866
1904 1926 -6115
1905 2560 -3310
1908 740 -2735
1909 978 -1233
1911 2005 5987
1915 1936 2051
1917 3768 4561
1926 587 7885
1933 3637 -9717
1934 3305 4217
1936 1116 1691
1938 3419 3142
1939 2205 4021
1941 2473 -5137
1947 3371 -8771
1954 1650 -265
1959 100 3461
1962 1084 -7098
1966 1247 8020
1974 1336 3880
1975 3992 -4978
1976 2858 -7289
1981 520 -1502
1982 755 8744
1987 2045 6855
1992 2496 -4793
1997 784 -9227
1999 180 -1949
2000 1507 -4634
2009 1873 2426
2012 3408 4457
2015 674 -3270
2017 3759 -9093
2022 714 -7798
2025 3670 5772
2026 1296 -1677
2028 1382 -1072
2029 508 5955
2030 2437 -2720
2032 1625 5819
2036 910 -9351
2039 3908 6140
2043 3524 -2419
2046 3318 1089
2051 2481 1358
2057 900 6553
2061 243 7710
2062 3893 -2008
2063 2730 4926
2078 1807 -4877
2081 3259 -6513
2083 553 7875
2088 76 -5383
2092 2961 -6410
2093 3001 -4126
2096 1044 5960
2097 797 1965
2100 2583 2825
2101 1532 9583
2102 2242 -3761
2106 2949 -2063
2109 2026 -5297
2113 2162 7614
2115 2848 -6478
2116 766 -3556
2118 3382 -8640
2129 1478 9808
2131 2177 -4871
2145 2585 876
2148 2647 9090
2151 62 2699
2156 1501 4088
2161 470 264
2166 1710 -4648
2170 1280 8663
2171 641 8107
2173 1566 2546
2178 2168 3125
2181 3111 -6533
2182 3304 6090
2184 682 -9988
2185 3118 8019
2188 2716 2131
2189 1668 -5518
2206 679 -361
2207 1572 -401
2209 3997 4738
2210 3813 -8773
2211 3048 4016
2216 2398 6961
2217 162 9319
2222 1988 1671
2223 853 1546
2224 3618 5360
2225 792 7136
2227 2785 -6706
2228 410 9587
2231 2927 -2109
2239 848 -5252
2240 3512 -7028
2241 2541 5329
2242 1340 3030
2244 1273 -1279
2245 2671 19
2246 3852 -9189
2247 3800 -2098
2248 1289 8779
2257 2811 6594
2261 1428 6680
2266 3232 3863
2273 3131 7715
2274 1569 8073
2277 835 -1767
2282 114 -1026
2284 2648 5041
2286 1393 -8997
2287 3356 -5657
2292 3126 7633
2294 3226 -5031
2296 2677 9039
2302 1681 7546
2303 922 -2566
2313 2492 -7623
2315 97 -2677
2316 2026 -5566
2320 193 594
2323 1451 -1976
2324 325 5926
2325 1710 2267
2329 2110 4520
2333 796 -3936
2334 2705 4611
2336 1853 2599
2339 2288 -5018
2341 1927 9288
2342 1485 9108
2343 2623 -4882
2345 2354 5850
2349 1569 8159
2351 2454 4030
2356 149 -492
2359 2132 -7067
2366 1887 91
2367 1656 8365
2369 3511 -9848
2370 1720 -4179
2373 3039 124
2376 2258 923
2378 540 1221
2383 3729 -4502
2386 52 7015
2391 1055 3801
2395 1398 -2526
2396 3465 5644
2397 1623 5359
2399 2212 -1537
2403 3171 9699
2404 2828 395
2406 1447 9269
2411 1610 2656
2412 153 384
2414 733 8106
2417 2116 -3937
2420 149 3842
2422 3489 8585
2428 2797 7679
2429 413 9692
2434 2557 7258
2435 1224 3933
2437 331 7496
2439 187 8517
2440 3891 -3183
2443 1213 3027
2449 1698 9363
2453 2589 -6135
2460 3944 2242
2462 2813 4315
2463 1787 -6266
2466 3947 658
2469 351 -2052
2470 3737 972
2472 2129 -6448
2477 2363 -5848
2478 376 758
2482 3144 -8477
2487 3813 -2474
2488 3380 -9207
2492 3713 -5322
2494 572 -8820
2495 1827 -4689
2499 3840 8783
2502 3735 -1305
2503 286 1221
2504 2821 8134
2505 2726 -6318
2508 3327 -1930
2514 3341 -7221
2515 3037 -790
2522 3611 9373
2523 2869 1842
2531 892 -2639
2534 3341 8641
2536 812 -1325
2538 133 1057
2539 2937 4334
2541 3241 -7604
2543 3120 4735
2544 3694 -4248
2545 3419 9573
2551 1274 4980
2555 3454 -8875
2557 998 -1251
2561 2168 -3423
2562 2653 9244
2563 28 9690
2567 225 -2218
2572 29 6121
2574 1221 8140
2586 3967 -9731
2587 154 871
2594 66 9004
2596 1765 208
2597 1567 -5643
2599 180 8486
2600 398 -3462
2602 547 -3907
2607 1375 -6807
2613 110 7014
2614 3006 9676
2618 1236 3221
2619 2497 -6888
2621 1510 -4081
2623 2737 8907
2627 3851 -5042
2628 1847 5612
2630 105 8636
2636 3921 -7502
2642 2244 480
2650 93 7415
2651 3953 -661
2655 340 -1601
2657 1793 -6464
2659 1136 775
2665 2431 1201
2668 1343 2064
2671 1658 -4295
2672 1315 8919
2675 976 9210
2676 3567 -7383
2677 2482 215
2683 642 -9942
2685 1992 8407
2687 2342 2460
2688 3421 -5865
2689 304 -3791
2697 708 2192
2701 153 -1128
2702 3920 8745
2704 3982 -8158
2708 2208 2800
2709 2709 -8436
2712 462 112
2714 2225 9913
2718 1468 9952
2721 326 6159
2722 616 -5758
2724 495 347
2725 2498 9298
2726 3621 -9078
2727 2860 -2198
2728 757 -6559
2731 2277 5491
2735 2824 -3117
2738 3734 -5095
2741 1498 -4472
2743 3680 -2309
2748 2217 -5245
2750 2640 6005
2753 1927 -1480
2756 970 4285
2758 3475 8802
2761 2554 4032
2765 436 6928
2770 3775 3048
2771 796 -3187
2774 2800 631
2775 2037 6019
2776 3271 2998
2778 2565 -1788
2783 694 -1664
2786 1325 -6974
2794 3128 9893
2795 2815 3695
2801 1036 7719
2803 1810 -8006
2805 1095 -9320
2810 1163 -1968
2813 1444 3246
2816 1649 -1138
2825 20 -5479
2829 3485 290
2836 3587 8102
2837 1854 7185
2841 3713 -6608
2843 1987 -8357
2844 210 -2099
2851 373 -2882
2858 794 6358
2859 295 -9275
2861 2872 1033
2862 3696 4850
2863 684 -836
2866 1026 6284
2872 712 -1968
2874 3022 -683
2875 484 -2646
2876 616 8877
2884 1296 6093
2886 774 1456
2887 2697 -5588
2893 2915 -3493
2894 334 -2809
2896 1085 6277
2898 1658 -8957
2900 952 -1434
2906 3235 6727
2910 2331 3542
2912 2787 8949
2921 158 -9508
2922 558 7188
2924 290 8606
2927 1507 671
2929 2418 6103
2936 1508 -7566
2941 1094 -6886
2944 245 -8441
2953 2044 -2412
2955 699 -9600
2956 3248 9913
2960 873 7655
2963 3011 9030
2964 192 6372
2966 165 -3610
2969 1209 -4028
2972 2230 2916
2973 1823 -7131
2974 1982 4118
2976 3266 9235
2978 1705 -1501
2980 3849 -344
2986 3053 -2897
2989 1755 5427
2990 1981 -8845
2995 1990 8998
2996 655 4932
2998 2503 2020
2999 3915 6377
3003 3937 885
3007 975 -3191
3008 1371 -1968
3011 188 5350
3017 2580 2533
3018 3121 -2535
3025 326 -3474
3031 1263 7689
3032 3768 4028
3035 345 1363
3038 2038 -545
3040 3675 6264
3042 2459 5574
3044 1163 -7837
3048 1351 -1949
3050 288 7653
3051 2228 -3821
3053 737 219
3055 1690 -8819
3057 3502 9029
3061 681 -8866
3065 1914 7321
3070 2978 4874
3071 2356 -5603
3072 1454 -8652
3074 2443 4622
3076 3531 287
3080 3982 1279
3082 2278 374
3084 241 8419
3085 1923 4369
3090 3403 -4147
3091 2923 -7524
3095 994 8176
3096 1079 -5371
3101 1850 -6383
3104 1608 8069
3106 786 2907
3107 3683 536
3110 3406 -6254
3113 3435 -2407
3114 3085 5705
3120 2873 -140
3121 1261 618
3124 1646 -3645
3125 3931 6213
3133 947 3328
3134 247 8242
3141 399 4442
3142 299 7103
3144 887 426
3145 127 -2129
3146 377 8197
3148 2395 -7769
3149 3408 -7247
3156 263 -631
3158 3625 9624
3159 202 1286
3160 2891 1800
3164 732 -8312
3169 1229 -7080
3170 2522 1736
3173 1142 7720
3176 2861 5477
3177 848 6944
3179 3343 6167
3180 2421 65
3181 936 2976
3182 3334 9923
3183 3130 -5721
3189 3596 -4654
3190 2157 8101
3191 1463 9603
3192 1295 -2231
3193 222 -1563
3194 2304 2114
3197 1096 4038
3206 1330 -4109
3209 3190 -4328
3216 2992 -4863
3220 1574 -9143
3221 826 6726
3222 165 5041
3227 980 3760
3228 2391 1849
3231 3489 -5974
3233 53 -9939
3235 1549 -6687
3239 2138 5122
3240 701 -8895
3244 722 -7510
3245 3404 -8593
3248 951 442
3249 857 -8927
3255 1623 8729
3257 2794 -2023
3259 1379 8671
3264 376 -8710
3270 1698 9058
3271 1026 3861
3273 2927 2501
3275 1956 3212
3276 2732 -3638
3279 1006 4165
3281 1862 9571
3284 3029 8963
3287 3340 -3000
3290 2322 -1559
3291 3296 -9745
3295 1386 5140
3297 2509 -9929
3300 3066 -1026
3303 583 7116
3306 1301 -4993
3307 866 -3636
3313 3316 6824
3315 3512 -8975
3318 763 -402
3320 2772 8167
3322 1136 -3506
3323 2920 -3129
3328 1480 5472
3329 1277 -360
3333 3690 8505
3334 3141 -5849
3338 2286 -2119
3339 275 4521
3343 1795 1809
3344 572 -3369
3348 185 5395
3353 1059 -1428
3359 3180 6686
3364 3990 9922
3367 470 -8580
3368 572 -6016
3371 3722 -292
3372 3205 -8191
3373 145 -1657
3374 3869 -9071
3376 720 -16
3377 3764 -5847
3378 3158 4689
3383 3284 -8730
3386 916 3210
3389 2162 -41
3391 1396 -3849
3393 3857 3073
3394 1355 -9146
3396 2007 2808
3397 2928 -1950
3398 925 -1781
3400 2248 -2358
3403 2808 -2483
3404 1989 1009
3406 1556 9098
3410 1556 -2544
3411 1979 -3485
3412 1169 8261
3414 3370 -899
3415 3592 9077
3417 1772 -1219
3419 2806 -152
3421 724 -1514
3424 2284 -6083
3427 2277 9479
3432 3152 -5590
3435 930 7923
3436 1226 -5843
3437 3771 -8629
3438 1326 -6842
3441 1996 6658
3444 1201 2451
3446 1849 -245
3449 142 3380
3450 2858 6329
3454 1432 3209
3460 709 1313
3462 3509 4575
3464 2230 -2466
3465 2533 -3889
3470 1481 -3324
3471 1486 -1894
3473 450 -1454
3475 1295 -1455
3476 3054 -512
3477 1505 -3685
3478 847 -9452
3480 3941 -3343
3486 3461 -8721
3491 1142 7683
3492 319 -2284
3503 3884 -4059
3509 678 9384
3510 2301 -2594
3514 2246 -4311
3519 1861 -7226
3520 781 -6238
3521 3396 1647
3522 3861 6737
3523 2823 6073
3527 234 3528
3539 533 5350
3542 1066 9937
3544 2450 3690
3546 210 7637
3548 637 -2370
3554 2167 4501
3556 1300 -4669
3564 2420 9044
3566 3233 -5940
3569 550 -8677
3570 76 -9808
3571 2616 8811
3576 583 2522
3577 107 -7891
3593 2550 4489
3598 3239 -5120
3599 1168 879
3601 913 -1226
3603 3308 -9385
3606 3285 3224
3607 3103 -1766
3611 2581 -3001
3613 1555 -3883
3615 147 -8620
3617 835 -7632
3618 139 4263
3619 2292 -1861
3620 2599 -6101
3621 1630 -1127
3628 377 -4619
3630 667 7654
3633 2889 -7635
3634 1045 -144
3635 2519 6637
3639 2935 727
3640 3225 7695
3641 540 -7843
3642 1925 -2331
3643 857 -8754
3644 687 8772
3647 712 3928
3649 2404 -5119
3650 2581 -9735
3653 2633 9782
3659 2943 -2464
3661 441 4121
3665 1967 3216
3668 541 -3494
3670 2183 -3838
3678 3166 2341
3681 1361 1455
3684 1125 7933
3688 2129 9096
3691 693 -5665
3693 1631 -2442
3694 3856 -7937
3695 2827 -601
3697 252 -1379
3698 2317 -2280
3703 21 -619
3706 2128 -7624
3707 682 2786
3712 1741 -8163
3718 3896 -7829
3720 3150 -4541
3722 3700 2426
3725 3241 2745
3729 497 5371
3734 2408 4504
3735 2316 4299
3737 2370 -483
3739 1448 -158
3744 530 7907
3747 3505 -5513
3755 3169 -5969
3757 2903 5626
3758 3312 -8324
3759 3770 2776
3760 275 5413
3762 710 5261
3764 1095 -3369
3766 339 8617
3767 3936 -9559
3769 440 5315
3771 3985 -6184
3772 2846 5685
3773 2904 4996
3779 3909 6766
3780 2706 -5468
3782 3715 -5239
3783 3768 1581
3787 1804 2368
3788 15 2215
3789 3582 965
3792 1540 -8972
3793 3134 -8310
3797 3519 4330
3798 2180 45
3800 303 -2038
3801 2233 -7519
3802 1048 -6261
3805 3970 3982
3808 1541 -7903
3809 1136 6816
3810 2094 -161
3813 618 7999
3815 649 -7393
3817 1369 7268
3824 1991 9640
3825 19 -6495
3826 3090 1638
3830 3468 -1742
3840 1559 2487
3841 2305 5049
3851 678 -2406
3855 2491 -7241
3856 986 8372
3857 414 5130
3858 292 -7725
3860 797 5853
3861 2709 3836
3862 1520 1261
3865 703 -7137
3866 1943 -3762
3868 3406 -3252
3869 796 -2526
3873 1071 -1471
3879 3099 5982
3880 2854 2426
3883 799 4129
3887 447 -5428
3888 343 -2166
3891 663 8760
3900 2002 716
3903 3153 7553
3906 930 -6327
3907 2487 -2935
3909 2694 8374
3913 330 -3683
3914 2210 5632
3915 3975 8508
3919 2620 -8928
3921 960 -748
3924 2455 -7222
3929 1676 -3327
3932 1790 -4078
3934 2563 504
3936 1705 -8777
3939 3311 2014
3945 1585 633
3946 1237 -8843
3950 2322 3445
3956 756 8124
3957 983 7491
3958 2783 -7976
3961 3861 905
3962 1548 8999
3965 203 4010
3969 2533 8276
3973 3583 -4934
3974 1549 -9002
3986 1698 2266
3988 398 8971
3990 3718 1645
3991 2756 4788
3992 2938 -4267
3998 2400 3279
