800 1063
1 2 664
2 3 -8637
3 4 -880
4 5 -3309
5 6 6974
6 7 7697
7 8 1834
8 9 8156
9 10 3482
10 11 6753
11 12 3306
12 13 -4452
13 14 7630
14 15 2163
15 16 -9076
16 17 6824
17 18 -5154
18 19 -7834
19 20 5546
20 21 6117
21 22 -2484
22 23 6110
23 24 5436
24 25 1390
25 26 2619
26 27 5272
27 28 -8700
28 29 7177
29 30 -8399
30 31 6629
31 32 -2780
32 33 191
33 34 -2309
34 35 -1187
35 36 1307
36 37 8227
37 38 1609
38 39 -940
39 40 -6420
40 41 451
41 42 7983
42 43 7795
43 44 7534
44 45 1631
45 46 6124
46 47 -6301
47 48 7435
48 49 1382
49 50 2525
50 51 1442
51 52 8371
52 53 7551
53 54 8212
54 55 8687
55 56 -346
56 57 9002
57 58 -4299
58 59 -4611
59 60 1125
60 61 2154
61 62 -2050
62 63 -1016
63 64 -5361
64 65 2058
65 66 -1235
66 67 7946
67 68 1423
68 69 8949
69 70 -3933
70 71 8951
71 72 6613
72 73 -751
73 74 -4879
74 75 5376
75 76 6792
76 77 -2901
77 78 9928
78 79 3381
79 80 -8621
80 81 -4977
81 82 5165
82 83 -3174
83 84 1910
84 85 -7053
85 86 5373
86 87 -316
87 88 133
88 89 354
89 90 -5598
90 91 5325
91 92 -9749
92 93 -6533
93 94 -3368
94 95 8301
95 96 -7446
96 97 -197
97 98 -4679
98 99 9593
99 100 9302
100 101 2625
101 102 6502
102 103 -1322
103 104 -3378
104 105 7141
105 106 5189
106 107 4500
107 108 -9858
108 109 1678
109 110 -7367
110 111 8284
111 112 3088
112 113 9632
113 114 269
114 115 -1628
115 116 7884
116 117 -7340
117 118 -5537
118 119 -2225
119 120 2938
120 121 2977
121 122 7387
122 123 -7731
123 124 -6383
124 125 6742
125 126 -7103
126 127 -3256
127 128 4479
128 129 2060
129 130 9245
130 131 7102
131 132 -2267
132 133 706
133 134 9003
134 135 4670
135 136 -5434
136 137 5757
137 138 -4747
138 139 9875
139 140 -7804
140 141 -4379
141 142 -615
142 143 -1832
143 144 -9864
144 145 -4155
145 146 -4023
146 147 6859
147 148 -7026
148 149 -9856
149 150 5288
150 151 6006
151 152 3970
152 153 -6465
153 154 5978
154 155 -6306
155 156 -5933
156 157 -8565
157 158 -6632
158 159 9793
159 160 3320
160 161 -2016
161 162 -5056
162 163 -7811
163 164 -3209
164 165 5913
165 166 -6892
166 167 -5777
167 168 -8044
168 169 -9387
169 170 7206
170 171 509
171 172 8703
172 173 8923
173 174 -9104
174 175 -5967
175 176 6163
176 177 1341
177 178 -3617
178 179 547
179 180 456
180 181 -7685
181 182 -4890
182 183 9484
183 184 3120
184 185 -1673
185 186 -4388
186 187 -514
187 188 -285
188 189 5152
189 190 8863
190 191 4163
191 192 -7811
192 193 1110
193 194 -9372
194 195 7882
195 196 5981
196 197 8534
197 198 -2808
198 199 -8111
199 200 7303
200 201 -1111
201 202 4352
202 203 -7062
203 204 6310
204 205 5619
205 206 7340
206 207 -7643
207 208 4729
208 209 7011
209 210 9656
210 211 -5435
211 212 2809
212 213 9554
213 214 9550
214 215 -4505
215 216 7401
216 217 8028
217 218 6019
218 219 9093
219 220 3369
220 221 -6304
221 222 8148
222 223 -9237
223 224 7007
224 225 658
225 226 -1485
226 227 4903
227 228 -3954
228 229 -3343
229 230 3613
230 231 -101
231 232 -8936
232 233 -1668
233 234 -8602
234 235 1824
235 236 780
236 237 -6683
237 238 3313
238 239 -8427
239 240 7496
240 241 7449
241 242 1247
242 243 4200
243 244 -6610
244 245 3763
245 246 -6933
246 247 1956
247 248 -778
248 249 3966
249 250 1865
250 251 6398
251 252 1808
252 253 -9160
253 254 4540
254 255 -8438
255 256 -3709
256 257 8323
257 258 -2934
258 259 7724
259 260 -2789
260 261 6056
261 262 9500
262 263 2106
263 264 -1965
264 265 -9654
265 266 1637
266 267 -2527
267 268 6101
268 269 -7173
269 270 -7103
270 271 -7179
271 272 -3782
272 273 6553
273 274 3136
274 275 -3331
275 276 -1586
276 277 -1172
277 278 7857
278 279 5067
279 280 5543
280 281 -9029
281 282 6139
282 283 -6782
283 284 -264
284 285 913
285 286 9760
286 287 -8569
287 288 3496
288 289 -1316
289 290 -7411
290 291 4620
291 292 -2945
292 293 -5245
293 294 -3487
294 295 8921
295 296 2604
296 297 -6328
297 298 8499
298 299 3968
299 300 7765
300 301 1902
301 302 8607
302 303 -9899
303 304 -2333
304 305 -147
305 306 3446
306 307 8385
307 308 6119
308 309 793
309 310 -3698
310 311 -7455
311 312 9688
312 313 -3537
313 314 -1295
314 315 9477
315 316 -637
316 317 5747
317 318 3589
318 319 8796
319 320 -6858
320 321 -7493
321 322 -3082
322 323 2836
323 324 6746
324 325 -7140
325 326 4934
326 327 7619
327 328 -4
328 329 -4669
329 330 -8914
330 331 -9136
331 332 -4635
332 333 4687
333 334 9934
334 335 -2821
335 336 -9703
336 337 -7094
337 338 -5232
338 339 949
339 340 -5394
340 341 196
341 342 -5086
342 343 9199
343 344 -209
344 345 5358
345 346 -9759
346 347 -4651
347 348 588
348 349 4792
349 350 8632
350 351 -7396
351 352 -5901
352 353 -7174
353 354 -6663
354 355 7132
355 356 -5308
356 357 -6642
357 358 9091
358 359 3085
359 360 3347
360 361 -8982
361 362 5553
362 363 -9592
363 364 -7286
364 365 -547
365 366 1688
366 367 6570
367 368 -4731
368 369 -6978
369 370 2070
370 371 9448
371 372 7702
372 373 -8449
373 374 1667
374 375 -4934
375 376 5743
376 377 -7850
377 378 7362
378 379 5954
379 380 -1079
380 381 4632
381 382 -9270
382 383 8366
383 384 -8272
384 385 -225
385 386 -571
386 387 2922
387 388 49
388 389 4470
389 390 2217
390 391 -273
391 392 7814
392 393 -543
393 394 -156
394 395 7341
395 396 -6832
396 397 -5341
397 398 -8520
398 399 5130
399 400 -8859
400 401 1802
401 402 3015
402 403 -1644
403 404 -2672
404 405 9815
405 406 -7022
406 407 -862
407 408 -5466
408 409 6578
409 410 -1378
410 411 1325
411 412 458
412 413 8908
413 414 -8339
414 415 2389
415 416 5878
416 417 -5609
417 418 -122
418 419 818
419 420 5818
420 421 -4392
421 422 5821
422 423 -3031
423 424 -8268
424 425 9546
425 426 5939
426 427 298
427 428 -7685
428 429 -9324
429 430 -1679
430 431 4667
431 432 -8737
432 433 -2139
433 434 6547
434 435 -3633
435 436 9315
436 437 3594
437 438 6662
438 439 8628
439 440 -5838
440 441 594
441 442 5261
442 443 -7679
443 444 -9327
444 445 -4346
445 446 4023
446 447 5633
447 448 -3394
448 449 -6320
449 450 4038
450 451 6336
451 452 3538
452 453 8534
453 454 4183
454 455 9123
455 456 -9072
456 457 4614
457 458 4793
458 459 -4671
459 460 5410
460 461 -2122
461 462 7091
462 463 -8097
463 464 -8035
464 465 894
465 466 -8273
466 467 -227
467 468 8273
468 469 3222
469 470 7197
470 471 585
471 472 -4215
472 473 1139
473 474 -7978
474 475 -1288
475 476 -1532
476 477 -4864
477 478 293
478 479 -2129
479 480 9350
480 481 7916
481 482 3492
482 483 -762
483 484 -8768
484 485 -1643
485 486 9835
486 487 7874
487 488 4820
488 489 -8559
489 490 -5757
490 491 -4778
491 492 8894
492 493 327
493 494 7971
494 495 -8991
495 496 5830
496 497 4204
497 498 9665
498 499 -3105
499 500 6295
500 501 -5887
501 502 -8520
502 503 413
503 504 333
504 505 -9710
505 506 2471
506 507 -6624
507 508 571
508 509 9550
509 510 -4286
510 511 8546
511 512 8729
512 513 9904
513 514 -6719
514 515 -559
515 516 1219
516 517 2240
517 518 -2637
518 519 7015
519 520 8658
520 521 778
521 522 -2864
522 523 1948
523 524 -1614
524 525 -2050
525 526 5939
526 527 3293
527 528 6461
528 529 -5843
529 530 1259
530 531 6347
531 532 -3180
532 533 -1324
533 534 -6446
534 535 3780
535 536 -2644
536 537 -5982
537 538 811
538 539 6608
539 540 7684
540 541 7016
541 542 -7450
542 543 7706
543 544 5419
544 545 -7131
545 546 7816
546 547 7514
547 548 9236
548 549 -2281
549 550 -4862
550 551 3392
551 552 2774
552 553 -1504
553 554 -7547
554 555 9950
555 556 -5540
556 557 3078
557 558 -8168
558 559 -7259
559 560 -7150
560 561 9090
561 562 -3860
562 563 2714
563 564 -2430
564 565 1303
565 566 -8590
566 567 3334
567 568 4558
568 569 1869
569 570 1605
570 571 -2057
571 572 -8232
572 573 -7258
573 574 -8385
574 575 -8709
575 576 -93
576 577 -5588
577 578 -9172
578 579 -2610
579 580 -9519
580 581 -9899
581 582 -9829
582 583 -129
583 584 -6025
584 585 2640
585 586 4139
586 587 -4169
587 588 -9413
588 589 9700
589 590 9295
590 591 -1333
591 592 608
592 593 -1031
593 594 6522
594 595 -9032
595 596 984
596 597 -7987
597 598 5365
598 599 -317
599 600 3228
600 601 -9105
601 602 -3904
602 603 -3961
603 604 3672
604 605 -8752
605 606 8221
606 607 2767
607 608 7784
608 609 -776
609 610 4678
610 611 -8126
611 612 3024
612 613 -2977
613 614 7647
614 615 -6084
615 616 -9136
616 617 -4097
617 618 6576
618 619 -9133
619 620 7409
620 621 -1294
621 622 1102
622 623 -7880
623 624 -1451
624 625 4357
625 626 1072
626 627 -4853
627 628 1618
628 629 -8577
629 630 919
630 631 8566
631 632 -6809
632 633 2101
633 634 2180
634 635 4067
635 636 2270
636 637 -5642
637 638 -9821
638 639 4953
639 640 -5774
640 641 -2570
641 642 4754
642 643 5688
643 644 -74
644 645 5015
645 646 -5398
646 647 -7409
647 648 -8693
648 649 9377
649 650 8294
650 651 2136
651 652 6826
652 653 957
653 654 3460
654 655 -236
655 656 1894
656 657 2862
657 658 5521
658 659 5367
659 660 -7943
660 661 3335
661 662 6792
662 663 6057
663 664 -2214
664 665 -1845
665 666 9212
666 667 -5602
667 668 -5322
668 669 -2933
669 670 -9173
670 671 -6140
671 672 -1550
672 673 -4270
673 674 -8214
674 675 -5753
675 676 6607
676 677 5616
677 678 6995
678 679 -5872
679 680 -7946
680 681 6891
681 682 -6618
682 683 2067
683 684 -5867
684 685 9374
685 686 8197
686 687 2131
687 688 9845
688 689 6836
689 690 6222
690 691 6767
691 692 -8634
692 693 7395
693 694 8213
694 695 7847
695 696 4785
696 697 4062
697 698 5592
698 699 -9258
699 700 -2139
700 701 -3504
701 702 5387
702 703 7797
703 704 3013
704 705 -9042
705 706 -5309
706 707 3127
707 708 9139
708 709 -5251
709 710 1044
710 711 9247
711 712 -4730
712 713 9127
713 714 -9908
714 715 -4997
715 716 -3367
716 717 -4036
717 718 -8073
718 719 1653
719 720 -780
720 721 2358
721 722 -408
722 723 -7055
723 724 2084
724 725 -756
725 726 -7359
726 727 -9400
727 728 -1738
728 729 -8362
729 730 -2378
730 731 4184
731 732 7310
732 733 -2543
733 734 -9613
734 735 5128
735 736 2887
736 737 -1397
737 738 -2939
738 739 9966
739 740 9356
740 741 -3168
741 742 5453
742 743 -8120
743 744 -446
744 745 -1185
745 746 2532
746 747 -5724
747 748 9203
748 749 -9401
749 750 7072
750 751 1242
751 752 2744
752 753 -2573
753 754 -8577
754 755 -1366
755 756 -5915
756 757 -5513
757 758 -3243
758 759 1333
759 760 8519
760 761 -7806
761 762 2527
762 763 -4964
763 764 -9747
764 765 52
765 766 -2901
766 767 -4834
767 768 -5987
768 769 -6447
769 770 -3653
770 771 -2420
771 772 7845
772 773 -1927
773 774 4580
774 775 -2620
775 776 7248
776 777 -3778
777 778 8539
778 779 471
779 780 -2035
780 781 -6041
781 782 7687
782 783 2278
783 784 -5846
784 785 2504
785 786 -8162
786 787 3104
787 788 1235
788 789 -2558
789 790 -1543
790 791 1344
791 792 -2286
792 793 -3070
793 794 -9526
794 795 -4832
795 796 -7183
796 797 1211
797 798 -5409
798 799 5278
799 800 -5777
5 487 8561
8 479 -4092
9 566 541
10 38 3425
13 321 6211
15 589 -2689
17 653 -9412
19 269 4877
21 115 -3098
23 136 -3372
24 296 6424
26 261 -9223
28 763 5040
29 254 5941
34 712 9085
37 579 -7089
49 324 -4566
50 246 8569
51 416 1588
56 396 -1661
59 646 8410
64 746 -9016
72 782 753
73 145 -3333
76 720 -3887
79 257 -3674
85 572 -3386
86 484 -9425
90 598 6014
94 496 8834
97 417 5755
99 440 -8067
102 337 5514
105 534 2406
110 773 3074
117 706 6907
118 758 9434
123 429 2899
124 227 -2222
127 755 3209
134 372 -1749
135 82 -1026
136 795 8558
138 581 1996
139 538 -6563
141 32 6785
142 544 9214
146 184 -4384
151 51 2750
154 117 7454
156 529 2932
161 231 3337
162 144 -9926
163 104 9273
168 611 6272
169 650 -3663
172 366 -4462
175 372 8849
187 86 5340
188 424 9640
190 407 8196
199 205 5003
203 629 -8992
206 63 6318
210 589 5293
213 67 -2738
215 732 3379
216 103 9044
217 417 -5707
218 138 -8741
224 301 -1889
227 572 5995
228 163 -4154
229 7 4360
231 541 -2728
232 369 9637
236 560 2549
237 572 -8951
238 303 -2027
240 169 -7962
243 411 -4312
246 196 7590
249 595 603
251 619 7183
252 702 7259
255 681 8801
256 182 1746
258 754 35
259 290 1815
264 326 3706
266 256 -4812
269 691 351
270 507 7073
275 216 7976
277 216 6185
278 116 -5901
279 721 1078
280 282 8836
281 140 -9883
285 657 5200
287 240 2373
288 408 -7181
292 316 7756
296 629 1000
297 508 -6453
298 560 -4452
301 448 -481
303 269 3974
307 322 3207
316 40 -791
319 242 6892
329 482 6275
333 391 9010
340 110 -5877
342 576 -5389
346 120 8302
349 336 3164
352 32 -5541
355 733 -6255
356 725 -8388
360 781 -4869
362 352 3898
363 304 8299
364 369 8232
365 152 -1716
367 347 6615
381 779 5460
383 767 -76
388 765 -4014
390 459 1948
396 281 9230
397 408 -4919
399 357 -5421
401 569 688
403 34 -2788
408 309 -4841
411 652 9278
416 149 9279
419 504 -1572
420 270 -5481
425 132 3979
426 28 9541
428 133 8050
431 279 -3040
432 236 -5783
433 345 500
434 749 5429
436 105 1837
437 385 1689
440 643 -1521
448 507 -3546
451 459 8984
455 373 3246
464 698 4321
469 562 4234
478 7 -2689
479 156 -8159
480 53 4019
483 332 -2846
484 693 -5067
489 723 -6127
491 355 -5700
493 19 -9376
497 275 7369
506 750 -8007
507 769 6821
513 752 9267
515 125 5002
520 651 -8251
521 746 -1587
523 112 -7423
525 460 9983
526 692 9586
527 642 -5396
528 177 6094
531 574 6194
536 788 -9950
537 83 -6969
539 684 -7283
547 694 3038
551 32 7231
553 287 1687
554 452 3311
558 378 -4724
559 469 6785
561 794 239
565 787 1242
570 3 -526
573 501 8574
577 173 -7859
580 337 -1147
583 223 -3021
588 357 -5565
590 147 6867
591 715 1132
600 187 1025
601 498 -7496
605 629 1564
610 254 308
615 55 -5550
618 716 -9658
625 255 -9289
628 277 -1698
635 420 -3768
636 479 -4413
638 453 9084
639 339 7215
641 132 6025
642 655 -8300
644 66 8205
645 238 -3151
651 47 -9022
653 277 -2629
656 289 1941
657 391 -2636
661 188 8264
663 96 -3662
665 765 -1508
666 789 3446
677 96 3017
679 204 7341
683 231 3229
686 681 -1643
691 180 -2026
692 491 -3878
704 289 7423
706 434 1609
708 312 6288
710 703 7869
711 661 9903
712 90 -4977
715 310 -3874
720 155 1417
724 514 -4307
730 654 4783
732 772 1465
736 554 7013
739 609 5679
741 55 -1269
749 576 2078
751 38 -2148
752 749 3586
753 177 1617
755 497 -1430
756 413 9189
758 622 -9601
759 551 -5791
760 240 -480
761 562 4212
766 347 -9571
767 557 -8746
770 36 1437
771 697 -3930
772 371 9634
776 402 -8874
778 781 -1212
779 8 8333
782 361 69
784 524 479
788 195 1845
789 695 498
794 187 4825
796 302 -9625
798 315 3636
