800 1078
1 2 -630
2 3 -2538
3 4 -4758
4 5 -2471
5 6 2381
6 7 -4028
7 8 -5209
8 9 -8892
9 10 8579
10 11 39
11 12 6191
12 13 -8126
13 14 -832
14 15 4370
15 16 4969
16 17 2303
17 18 -1232
18 19 7081
19 20 5158
20 21 939
21 22 -112
22 23 -2609
23 24 560
24 25 2005
25 26 -2283
26 27 -9889
27 28 5662
28 29 -1049
29 30 -5605
30 31 763
31 32 8940
32 33 -9061
33 34 -9216
34 35 -7599
35 36 8804
36 37 -8448
37 38 -7953
38 39 9869
39 40 9921
40 41 -3317
41 42 7721
42 43 6853
43 44 6354
44 45 -8991
45 46 7980
46 47 -3979
47 48 7549
48 49 1939
49 50 9163
50 51 6916
51 52 1292
52 53 7172
53 54 -2307
54 55 -4233
55 56 9408
56 57 -2984
57 58 7840
58 59 4680
59 60 -5720
60 61 6623
61 62 4759
62 63 134
63 64 5277
64 65 3674
65 66 -5872
66 67 2512
67 68 3967
68 69 922
69 70 623
70 71 1475
71 72 -4340
72 73 7558
73 74 531
74 75 8767
75 76 9563
76 77 -7849
77 78 8479
78 79 7860
79 80 -408
80 81 -4348
81 82 -6435
82 83 8917
83 84 -314
84 85 -2353
85 86 7769
86 87 -8876
87 88 397
88 89 4604
89 90 7716
90 91 -2499
91 92 4625
92 93 -8678
93 94 -6847
94 95 -6891
95 96 -6955
96 97 -770
97 98 -3689
98 99 6809
99 100 1920
100 101 5203
101 102 3278
102 103 -6510
103 104 2938
104 105 8468
105 106 -3111
106 107 -7925
107 108 8365
108 109 -561
109 110 9141
110 111 5519
111 112 -8656
112 113 -2725
113 114 -9978
114 115 -1513
115 116 -5272
116 117 -1298
117 118 717
118 119 -5348
119 120 7339
120 121 3878
121 122 8669
122 123 -8347
123 124 -4091
124 125 8678
125 126 -5370
126 127 9290
127 128 -528
128 129 674
129 130 -3497
130 131 4562
131 132 -398
132 133 -8072
133 134 5332
134 135 2168
135 136 -5109
136 137 1342
137 138 -2546
138 139 -7232
139 140 8333
140 141 -8310
141 142 7105
142 143 -4382
143 144 4647
144 145 5488
145 146 2474
146 147 -4308
147 148 4216
148 149 -1992
149 150 5396
150 151 -2582
151 152 -2518
152 153 9081
153 154 -4705
154 155 261
155 156 4225
156 157 -9248
157 158 9274
158 159 1291
159 160 5716
160 161 -1025
161 162 3120
162 163 -7450
163 164 -2105
164 165 3916
165 166 7460
166 167 3189
167 168 -2362
168 169 3460
169 170 7702
170 171 530
171 172 -9314
172 173 897
173 174 2146
174 175 7124
175 176 -4030
176 177 -9620
177 178 -770
178 179 -2550
179 180 -6245
180 181 7139
181 182 2236
182 183 -9045
183 184 1321
184 185 3168
185 186 -5259
186 187 -7131
187 188 -4090
188 189 9705
189 190 -8856
190 191 -7850
191 192 -2581
192 193 -9736
193 194 -7183
194 195 8801
195 196 5135
196 197 1047
197 198 -1179
198 199 -1965
199 200 5056
200 201 5479
201 202 1198
202 203 -2014
203 204 9955
204 205 3012
205 206 -6316
206 207 -1806
207 208 4801
208 209 -7856
209 210 -2080
210 211 8958
211 212 3369
212 213 4624
213 214 1616
214 215 7496
215 216 4733
216 217 -5124
217 218 3430
218 219 6661
219 220 2872
220 221 9538
221 222 -4267
222 223 -7925
223 224 -5799
224 225 -4709
225 226 -7839
226 227 -7080
227 228 -3195
228 229 5432
229 230 3031
230 231 9723
231 232 2879
232 233 5650
233 234 -6168
234 235 8862
235 236 -9918
236 237 -8449
237 238 9480
238 239 -6014
239 240 -4377
240 241 8533
241 242 -9890
242 243 7736
243 244 4572
244 245 6024
245 246 2654
246 247 -8758
247 248 -2269
248 249 -6621
249 250 93
250 251 7455
251 252 6034
252 253 -502
253 254 200
254 255 9066
255 256 2611
256 257 9086
257 258 -8274
258 259 6915
259 260 -3417
260 261 -4381
261 262 5182
262 263 5099
263 264 3626
264 265 -4328
265 266 -4536
266 267 1229
267 268 8958
268 269 4126
269 270 8005
270 271 8283
271 272 -5877
272 273 -5340
273 274 -5199
274 275 7933
275 276 -9962
276 277 2011
277 278 -4937
278 279 545
279 280 4670
280 281 8286
281 282 -7529
282 283 -7491
283 284 -1406
284 285 -5592
285 286 -2054
286 287 -2775
287 288 495
288 289 -4519
289 290 7985
290 291 2949
291 292 -5853
292 293 7344
293 294 -750
294 295 -3101
295 296 -2624
296 297 -7519
297 298 2889
298 299 -316
299 300 -8195
300 301 153
301 302 -8939
302 303 -2235
303 304 -5259
304 305 967
305 306 -9020
306 307 -2887
307 308 8412
308 309 5571
309 310 4213
310 311 -6732
311 312 -5063
312 313 -4305
313 314 -2405
314 315 -1743
315 316 -6304
316 317 7556
317 318 -6925
318 319 3288
319 320 -7346
320 321 5724
321 322 -1768
322 323 2053
323 324 7803
324 325 -7359
325 326 9751
326 327 2102
327 328 8676
328 329 -8219
329 330 2082
330 331 4306
331 332 -6541
332 333 -9092
333 334 7661
334 335 8746
335 336 8401
336 337 -3237
337 338 9241
338 339 809
339 340 4901
340 341 -1938
341 342 7875
342 343 -3651
343 344 524
344 345 -2456
345 346 3409
346 347 -1631
347 348 -9489
348 349 -7105
349 350 -6627
350 351 -6980
351 352 -6012
352 353 -7589
353 354 -9258
354 355 8989
355 356 -5058
356 357 8151
357 358 8198
358 359 2624
359 360 2361
360 361 9980
361 362 -7229
362 363 6232
363 364 3975
364 365 -4853
365 366 7857
366 367 -7307
367 368 -7735
368 369 1796
369 370 6073
370 371 -6630
371 372 -3103
372 373 -290
373 374 4191
374 375 -4207
375 376 -2405
376 377 -5528
377 378 -8129
378 379 -191
379 380 7789
380 381 9636
381 382 5719
382 383 -3224
383 384 -6687
384 385 -9736
385 386 2523
386 387 -9242
387 388 -7574
388 389 -634
389 390 -5511
390 391 9911
391 392 2122
392 393 1276
393 394 6403
394 395 2231
395 396 -9221
396 397 -3798
397 398 5462
398 399 8125
399 400 -2096
400 401 -4022
401 402 8898
402 403 -6676
403 404 7256
404 405 7421
405 406 4860
406 407 7920
407 408 8267
408 409 8931
409 410 2376
410 411 -4540
411 412 -4419
412 413 -3640
413 414 8068
414 415 5599
415 416 7690
416 417 962
417 418 -2048
418 419 -5471
419 420 3415
420 421 -1865
421 422 -8734
422 423 8523
423 424 9781
424 425 5698
425 426 8096
426 427 -8616
427 428 8935
428 429 4387
429 430 8451
430 431 3069
431 432 -3262
432 433 3499
433 434 -2425
434 435 8872
435 436 2787
436 437 4096
437 438 6508
438 439 -217
439 440 6833
440 441 -9163
441 442 -2788
442 443 -5649
443 444 -8754
444 445 7769
445 446 5439
446 447 -2810
447 448 2902
448 449 8621
449 450 4393
450 451 -2759
451 452 9706
452 453 -5222
453 454 -6070
454 455 -2070
455 456 7966
456 457 -2715
457 458 2274
458 459 -101
459 460 -8553
460 461 5247
461 462 -5547
462 463 -1716
463 464 2828
464 465 -7339
465 466 6976
466 467 -8432
467 468 -5807
468 469 -3875
469 470 7233
470 471 7584
471 472 8896
472 473 8616
473 474 2200
474 475 -8319
475 476 3610
476 477 -7209
477 478 3851
478 479 -3784
479 480 5576
480 481 -8773
481 482 -3242
482 483 2895
483 484 -8988
484 485 -9004
485 486 -3325
486 487 9692
487 488 8926
488 489 -5631
489 490 -4405
490 491 -4729
491 492 7712
492 493 -5372
493 494 3749
494 495 1922
495 496 -9580
496 497 185
497 498 -9581
498 499 1092
499 500 -4461
500 501 -314
501 502 -242
502 503 5812
503 504 8691
504 505 6554
505 506 -419
506 507 8490
507 508 1137
508 509 8862
509 510 1245
510 511 -5703
511 512 -7039
512 513 -4678
513 514 -7078
514 515 9715
515 516 -5421
516 517 -6649
517 518 6580
518 519 -3666
519 520 -2038
520 521 1625
521 522 -1612
522 523 -9142
523 524 -3138
524 525 799
525 526 780
526 527 961
527 528 9010
528 529 4253
529 530 -4278
530 531 -6680
531 532 -9654
532 533 9048
533 534 7235
534 535 9765
535 536 -2129
536 537 4194
537 538 6626
538 539 -9887
539 540 -5000
540 541 5881
541 542 5335
542 543 -7892
543 544 5745
544 545 4312
545 546 -2099
546 547 1506
547 548 3505
548 549 -1548
549 550 3256
550 551 7582
551 552 -4717
552 553 -9317
553 554 2358
554 555 -7025
555 556 632
556 557 5147
557 558 -62
558 559 6025
559 560 -3190
560 561 7433
561 562 -5137
562 563 -155
563 564 3161
564 565 7318
565 566 2450
566 567 -1869
567 568 25
568 569 -2598
569 570 6332
570 571 -5964
571 572 827
572 573 6443
573 574 -1579
574 575 7471
575 576 3318
576 577 -8039
577 578 1885
578 579 -5147
579 580 7580
580 581 6371
581 582 4449
582 583 1629
583 584 3267
584 585 2047
585 586 -5942
586 587 -8987
587 588 651
588 589 -1134
589 590 9872
590 591 6198
591 592 9610
592 593 -6848
593 594 90
594 595 -4147
595 596 8291
596 597 -8505
597 598 2564
598 599 4533
599 600 3514
600 601 6427
601 602 2054
602 603 -2280
603 604 -2089
604 605 7240
605 606 2327
606 607 8168
607 608 6176
608 609 -2761
609 610 1824
610 611 -751
611 612 -8774
612 613 1527
613 614 -8809
614 615 -9327
615 616 5541
616 617 -5047
617 618 -5610
618 619 -596
619 620 -42
620 621 9016
621 622 6728
622 623 -5368
623 624 -2976
624 625 390
625 626 -3807
626 627 3175
627 628 -342
628 629 2069
629 630 4296
630 631 -5196
631 632 -2745
632 633 5812
633 634 -4219
634 635 -9701
635 636 -7518
636 637 -7419
637 638 7258
638 639 -9679
639 640 3438
640 641 -3605
641 642 -4240
642 643 4083
643 644 8391
644 645 -6816
645 646 1954
646 647 1075
647 648 -5865
648 649 2814
649 650 138
650 651 -2312
651 652 -8829
652 653 -3001
653 654 5452
654 655 -114
655 656 7983
656 657 -2355
657 658 -8814
658 659 -6205
659 660 2023
660 661 4281
661 662 -5385
662 663 9200
663 664 -9468
664 665 1082
665 666 8886
666 667 6180
667 668 -447
668 669 3567
669 670 -6684
670 671 7830
671 672 -335
672 673 3522
673 674 9148
674 675 6025
675 676 -963
676 677 -2660
677 678 -4549
678 679 6346
679 680 6311
680 681 -4034
681 682 9491
682 683 6546
683 684 -2297
684 685 -8446
685 686 -4698
686 687 4362
687 688 8557
688 689 -1925
689 690 -858
690 691 2362
691 692 4386
692 693 -1659
693 694 -6355
694 695 835
695 696 1676
696 697 523
697 698 -4437
698 699 296
699 700 9682
700 701 -3438
701 702 -3280
702 703 -214
703 704 5016
704 705 8280
705 706 -9592
706 707 -4166
707 708 -7994
708 709 -8080
709 710 8275
710 711 411
711 712 1619
712 713 7538
713 714 1112
714 715 5798
715 716 3130
716 717 9619
717 718 8499
718 719 6354
719 720 3228
720 721 -3276
721 722 6044
722 723 6590
723 724 -5688
724 725 4957
725 726 -5712
726 727 -8645
727 728 8950
728 729 3710
729 730 2932
730 731 2643
731 732 1313
732 733 -5777
733 734 -5716
734 735 -1505
735 736 -3196
736 737 3854
737 738 -8140
738 739 8443
739 740 3089
740 741 1799
741 742 -1340
742 743 -5586
743 744 -7334
744 745 -7033
745 746 8250
746 747 9074
747 748 -171
748 749 -6647
749 750 -7490
750 751 5658
751 752 3578
752 753 -4757
753 754 -2797
754 755 6256
755 756 -328
756 757 3884
757 758 -5732
758 759 -70
759 760 6347
760 761 5289
761 762 175
762 763 7432
763 764 2208
764 765 -5077
765 766 -9537
766 767 743
767 768 -1241
768 769 5230
769 770 -9333
770 771 -8269
771 772 -8153
772 773 -1484
773 774 -6360
774 775 -2234
775 776 942
776 777 -5056
777 778 -8086
778 779 4175
779 780 6804
780 781 -9342
781 782 7657
782 783 -7248
783 784 -4455
784 785 2546
785 786 1228
786 787 -309
787 788 2440
788 789 -5887
789 790 1462
790 791 -8850
791 792 6110
792 793 979
793 794 7393
794 795 -7651
795 796 2248
796 797 -7892
797 798 7082
798 799 2191
799 800 -489
1 265 -3004
2 453 7374
7 788 8947
9 707 -7641
10 330 -3024
12 606 7868
13 612 2443
14 640 6560
15 760 -6080
16 132 -6551
24 608 -6008
27 344 -8071
30 318 -7111
31 138 3405
39 512 -6895
41 660 -888
46 381 9938
50 30 8312
52 442 9324
53 183 8453
54 113 -8678
55 666 -9886
63 19 2513
68 514 2097
69 712 -6756
70 580 -6732
72 663 -7832
74 679 7646
76 273 2367
80 733 -7362
81 586 900
84 215 6037
89 527 1570
90 258 -1911
93 601 -1898
95 643 -5456
100 362 9019
101 541 6607
103 443 8059
105 374 -578
108 665 -1501
111 145 4636
115 614 -4382
116 328 -6862
120 99 4608
124 408 6143
128 143 9725
132 152 -7038
136 300 8681
139 33 1443
141 774 6688
143 404 -7157
146 367 -4151
152 594 8362
153 106 5671
158 154 6455
160 291 7739
165 760 -5543
169 281 -307
170 335 -3471
172 660 -3862
173 21 5764
175 86 2524
177 285 975
178 240 -2450
179 68 5455
180 435 -122
182 572 3803
183 249 8684
184 564 8519
185 277 -1613
195 769 -3832
197 380 1199
200 629 -6176
201 36 9009
203 398 8684
204 82 -2367
206 382 7295
210 435 -6859
211 26 9667
214 785 -4108
216 244 -8279
218 589 -1771
219 326 3617
221 145 5134
225 669 -9822
228 465 2927
231 672 -3267
240 559 -3853
243 470 9755
249 178 2604
250 267 -3515
251 491 4806
254 505 -8882
258 1 -8200
260 327 -1836
272 57 2830
276 255 -128
282 716 -8446
284 581 7910
286 324 9873
293 625 -6829
298 12 6147
299 548 8892
301 64 763
303 62 5875
307 463 -5072
308 718 -2079
311 336 -2028
313 349 -9621
316 286 -5254
317 685 5654
319 716 -723
323 778 -6236
324 438 202
326 327 -13
329 93 3698
331 672 -5833
334 208 9207
339 137 -824
340 62 8514
343 21 8650
344 14 1724
351 562 -1192
354 458 -7354
359 374 3266
360 119 2926
364 67 7620
370 654 9944
379 245 -8635
381 530 530
387 431 -7321
388 55 -7471
390 166 -2606
392 56 -3957
393 772 -270
400 658 -4883
402 317 6821
404 487 7031
405 709 -6788
410 265 -4277
411 560 7994
412 480 -1360
413 704 -2841
420 567 6229
421 744 9768
428 445 -8624
432 722 8339
436 577 4753
439 395 -6192
441 762 6224
445 97 -8823
450 298 -9274
454 559 -3541
462 786 -2138
463 302 2480
464 269 -9990
466 610 -8112
467 43 -899
468 56 3289
469 93 9996
471 76 -9191
477 510 3956
480 798 -4317
481 478 -2775
482 452 7669
486 487 -2072
490 97 5662
491 566 -9525
496 740 9899
500 77 3226
504 485 241
507 10 6291
509 490 -1225
512 418 -4306
513 724 -7211
517 734 -6721
519 253 -4886
523 351 8035
524 741 5837
527 19 6957
533 375 -7843
534 709 -9700
538 707 -9603
547 574 6521
549 763 -9754
555 552 5895
557 576 6754
562 212 -3303
563 315 -6071
569 13 -8247
570 45 6355
575 165 -6206
577 421 -6777
581 632 7131
582 108 -8404
585 380 -818
586 296 -9774
587 469 1456
588 706 -3722
598 786 1918
599 203 9641
601 442 8255
605 789 -2073
614 20 1435
620 49 454
622 464 -7758
623 11 5283
624 641 -3806
626 289 9322
629 640 -116
630 289 -291
631 473 -3900
632 733 -7688
634 378 -6777
639 312 3558
647 71 -664
648 196 7891
649 565 -153
650 674 4640
651 95 8666
655 647 -3212
656 797 -6228
657 35 730
660 509 1330
663 458 -2585
664 508 1595
666 770 -4865
672 166 -6310
675 637 -9373
676 259 1602
683 611 991
685 424 8975
686 773 -7214
687 117 5638
688 419 3372
690 590 7347
692 181 1377
695 147 6243
696 451 -4418
697 95 -633
699 750 4713
704 97 3616
706 682 -9533
709 146 1039
710 627 -6461
713 108 9125
720 613 -585
722 173 -9554
724 17 1249
726 688 -5920
728 747 2427
730 20 -1773
736 626 -9732
737 598 -7850
739 170 3044
740 455 -6225
741 787 7227
742 279 -3018
744 660 7606
746 36 4311
747 793 8294
748 50 -8896
753 86 1659
756 442 4302
765 364 -1521
775 643 3575
777 598 -4793
778 520 2557
780 521 -7564
784 774 -3247
785 496 9410
788 389 4151
790 242 368
791 800 9124
792 221 7115
793 275 6851
796 237 8001
798 244 9608
