2000 2699
1 2 6694
2 3 5171
3 4 2273
4 5 -6645
5 6 -2588
6 7 2525
7 8 3637
8 9 -4832
9 10 -9193
10 11 7052
11 12 1916
12 13 -5808
13 14 2413
14 15 2812
15 16 2971
16 17 5660
17 18 4797
18 19 6809
19 20 -8522
20 21 -8237
21 22 -4521
22 23 -2159
23 24 4102
24 25 858
25 26 -9801
26 27 -9241
27 28 7301
28 29 -2572
29 30 647
30 31 -2703
31 32 -9803
32 33 -6967
33 34 7528
34 35 4757
35 36 -2188
36 37 5017
37 38 5737
38 39 5832
39 40 3854
40 41 -9076
41 42 -1621
42 43 2862
43 44 5084
44 45 -352
45 46 -2190
46 47 935
47 48 4840
48 49 -7870
49 50 -9671
50 51 8567
51 52 8190
52 53 -6893
53 54 -5982
54 55 7876
55 56 6077
56 57 -2690
57 58 4310
58 59 -352
59 60 8534
60 61 738
61 62 5678
62 63 -8911
63 64 -7278
64 65 1856
65 66 9985
66 67 202
67 68 3894
68 69 6886
69 70 -5911
70 71 -7737
71 72 -2207
72 73 -7511
73 74 -6141
74 75 -6310
75 76 -287
76 77 -8594
77 78 -7287
78 79 -1034
79 80 2199
80 81 -8630
81 82 -936
82 83 3211
83 84 -8705
84 85 9261
85 86 -7018
86 87 3555
87 88 -5900
88 89 -8605
89 90 2133
90 91 2992
91 92 6525
92 93 -7789
93 94 -5024
94 95 1437
95 96 -1752
96 97 -8356
97 98 -8378
98 99 6381
99 100 -3195
100 101 -9148
101 102 5262
102 103 4659
103 104 2001
104 105 9957
105 106 -1635
106 107 5126
107 108 9521
108 109 -1607
109 110 -1522
110 111 -3493
111 112 3641
112 113 8582
113 114 7332
114 115 -6724
115 116 2398
116 117 -5866
117 118 1994
118 119 8226
119 120 88
120 121 -5785
121 122 1713
122 123 7504
123 124 7743
124 125 -3666
125 126 9571
126 127 -8821
127 128 9269
128 129 -8479
129 130 -1477
130 131 9383
131 132 7427
132 133 -4944
133 134 1265
134 135 -5642
135 136 -3041
136 137 -2913
137 138 -9309
138 139 -3647
139 140 -3353
140 141 9177
141 142 -6987
142 143 2647
143 144 3362
144 145 9587
145 146 5013
146 147 4703
147 148 -4549
148 149 -8969
149 150 -6067
150 151 -5398
151 152 9413
152 153 -8769
153 154 -2056
154 155 -2191
155 156 -8134
156 157 -3976
157 158 631
158 159 2285
159 160 3133
160 161 -9694
161 162 4089
162 163 1457
163 164 8641
164 165 7710
165 166 -1069
166 167 1218
167 168 -7922
168 169 3289
169 170 -4099
170 171 -8837
171 172 -5231
172 173 -6344
173 174 -4829
174 175 5055
175 176 653
176 177 2276
177 178 -8769
178 179 -3169
179 180 5484
180 181 9099
181 182 9795
182 183 -108
183 184 -2184
184 185 -9640
185 186 9961
186 187 -4883
187 188 -4577
188 189 -9249
189 190 -6465
190 191 7515
191 192 -8194
192 193 804
193 194 3853
194 195 5816
195 196 -568
196 197 -8088
197 198 1113
198 199 9805
199 200 -9813
200 201 6970
201 202 -863
202 203 2406
203 204 -3962
204 205 52
205 206 -3443
206 207 -9573
207 208 4226
208 209 -3949
209 210 2406
210 211 8914
211 212 -1868
212 213 7228
213 214 8043
214 215 -7514
215 216 1517
216 217 3893
217 218 -2376
218 219 -2504
219 220 -3675
220 221 -961
221 222 -2363
222 223 6908
223 224 -842
224 225 -9607
225 226 379
226 227 -4174
227 228 3885
228 229 9511
229 230 -5299
230 231 -2635
231 232 8475
232 233 -1812
233 234 630
234 235 -6736
235 236 -9950
236 237 -1360
237 238 -686
238 239 -8645
239 240 3465
240 241 1609
241 242 1118
242 243 846
243 244 3031
244 245 5208
245 246 -550
246 247 -8978
247 248 9798
248 249 3293
249 250 5911
250 251 3162
251 252 3644
252 253 -1979
253 254 4099
254 255 -5243
255 256 7712
256 257 2829
257 258 1705
258 259 9721
259 260 7561
260 261 -67
261 262 -9353
262 263 -7546
263 264 -7881
264 265 5548
265 266 9678
266 267 -8407
267 268 -1337
268 269 7664
269 270 -7538
270 271 7633
271 272 -4794
272 273 2342
273 274 -8719
274 275 -2188
275 276 -381
276 277 -607
277 278 7834
278 279 -9540
279 280 6749
280 281 -3345
281 282 2327
282 283 2143
283 284 -9194
284 285 1456
285 286 7210
286 287 524
287 288 -3107
288 289 6612
289 290 -1003
290 291 -6741
291 292 7797
292 293 -7584
293 294 747
294 295 1480
295 296 41
296 297 -8232
297 298 -3096
298 299 -9562
299 300 -3975
300 301 2218
301 302 -7803
302 303 -7213
303 304 7226
304 305 8067
305 306 -6691
306 307 -4615
307 308 -4095
308 309 3378
309 310 9125
310 311 -3278
311 312 7941
312 313 -3679
313 314 7447
314 315 3059
315 316 602
316 317 3095
317 318 6319
318 319 -3899
319 320 -4528
320 321 9702
321 322 8057
322 323 1330
323 324 -9914
324 325 -4071
325 326 8108
326 327 -2075
327 328 -5493
328 329 -5449
329 330 9987
330 331 9344
331 332 6013
332 333 -7339
333 334 7712
334 335 4857
335 336 5341
336 337 -4575
337 338 1819
338 339 -2737
339 340 4929
340 341 -1789
341 342 9511
342 343 898
343 344 -8812
344 345 9293
345 346 8141
346 347 -6563
347 348 782
348 349 -1094
349 350 -1236
350 351 -5389
351 352 -4734
352 353 4405
353 354 360
354 355 3164
355 356 -6904
356 357 5757
357 358 3246
358 359 8127
359 360 7814
360 361 -8388
361 362 -7841
362 363 4357
363 364 -7521
364 365 9892
365 366 2433
366 367 -7634
367 368 5577
368 369 7230
369 370 -7201
370 371 -590
371 372 -4729
372 373 -795
373 374 -9878
374 375 -9186
375 376 -7998
376 377 -1600
377 378 -5693
378 379 -9366
379 380 -411
380 381 -1899
381 382 8361
382 383 6604
383 384 -6905
384 385 3960
385 386 8540
386 387 7004
387 388 -1005
388 389 -9129
389 390 4793
390 391 -3558
391 392 3881
392 393 -3602
393 394 5444
394 395 539
395 396 7614
396 397 -8672
397 398 3659
398 399 4189
399 400 -4791
400 401 -2507
401 402 -8270
402 403 9953
403 404 -2991
404 405 6075
405 406 3335
406 407 2971
407 408 2751
408 409 4730
409 410 -9464
410 411 6444
411 412 2808
412 413 -4090
413 414 -8464
414 415 -1797
415 416 3893
416 417 -4423
417 418 4788
418 419 6313
419 420 -6467
420 421 1493
421 422 -4533
422 423 -9776
423 424 -5230
424 425 -2579
425 426 4989
426 427 2618
427 428 3117
428 429 -9528
429 430 7482
430 431 -4686
431 432 4925
432 433 -7999
433 434 2639
434 435 8021
435 436 563
436 437 9594
437 438 3774
438 439 212
439 440 -7010
440 441 9439
441 442 -7681
442 443 6773
443 444 4761
444 445 -9834
445 446 5214
446 447 -6083
447 448 -5349
448 449 2330
449 450 -7930
450 451 7041
451 452 8156
452 453 683
453 454 -5092
454 455 -6412
455 456 8613
456 457 -2393
457 458 -9429
458 459 -7011
459 460 -2759
460 461 767
461 462 -9980
462 463 8273
463 464 8590
464 465 8653
465 466 5394
466 467 -66
467 468 1687
468 469 11
469 470 8892
470 471 6304
471 472 8344
472 473 -9994
473 474 -3661
474 475 3804
475 476 -1019
476 477 -3575
477 478 4081
478 479 -8667
479 480 3962
480 481 -864
481 482 4491
482 483 363
483 484 6081
484 485 -2302
485 486 -587
486 487 -1864
487 488 -8129
488 489 4752
489 490 -5600
490 491 -2300
491 492 4980
492 493 2455
493 494 1693
494 495 3643
495 496 6090
496 497 -4273
497 498 -9812
498 499 2729
499 500 2894
500 501 -1844
501 502 399
502 503 -177
503 504 1760
504 505 -4155
505 506 -9642
506 507 7731
507 508 -8192
508 509 4512
509 510 -6371
510 511 5434
511 512 935
512 513 3350
513 514 5674
514 515 5363
515 516 815
516 517 -3346
517 518 -5937
518 519 1322
519 520 -1101
520 521 -1467
521 522 48
522 523 -2423
523 524 -8006
524 525 5673
525 526 2845
526 527 -5853
527 528 -7464
528 529 3272
529 530 -8576
530 531 -4101
531 532 1179
532 533 -2432
533 534 -8391
534 535 -219
535 536 -8793
536 537 4291
537 538 -4383
538 539 -6292
539 540 2637
540 541 -5159
541 542 9680
542 543 3517
543 544 8663
544 545 2539
545 546 -5492
546 547 3169
547 548 1771
548 549 -3824
549 550 578
550 551 -8564
551 552 9184
552 553 503
553 554 -9393
554 555 -96
555 556 -4639
556 557 9602
557 558 -6887
558 559 -6969
559 560 -5307
560 561 -6341
561 562 -6986
562 563 -7460
563 564 637
564 565 5053
565 566 546
566 567 9776
567 568 -443
568 569 8516
569 570 7442
570 571 9726
571 572 5547
572 573 -7486
573 574 1952
574 575 4572
575 576 4116
576 577 -3525
577 578 580
578 579 -2339
579 580 -3984
580 581 1400
581 582 -7110
582 583 1716
583 584 -3460
584 585 1190
585 586 6512
586 587 2454
587 588 -4354
588 589 -1630
589 590 -888
590 591 229
591 592 9354
592 593 2591
593 594 -5109
594 595 2278
595 596 4981
596 597 -8695
597 598 -238
598 599 9243
599 600 -7183
600 601 56
601 602 -9704
602 603 -5561
603 604 -5973
604 605 -6703
605 606 -1805
606 607 3918
607 608 -7074
608 609 9857
609 610 2648
610 611 -3588
611 612 -6620
612 613 -4489
613 614 5371
614 615 4622
615 616 -1949
616 617 -793
617 618 -4382
618 619 -7083
619 620 1454
620 621 -7887
621 622 7268
622 623 -4003
623 624 2907
624 625 9255
625 626 -8417
626 627 -439
627 628 5861
628 629 -8656
629 630 3420
630 631 2223
631 632 6096
632 633 9354
633 634 -3820
634 635 2733
635 636 -8620
636 637 -9903
637 638 5169
638 639 7872
639 640 -1240
640 641 -9793
641 642 -1541
642 643 5055
643 644 -1821
644 645 8627
645 646 -3495
646 647 3640
647 648 -8275
648 649 5634
649 650 -4420
650 651 3532
651 652 -7617
652 653 -4139
653 654 7373
654 655 4656
655 656 5711
656 657 -5189
657 658 -2514
658 659 9387
659 660 -2911
660 661 8129
661 662 -5449
662 663 1185
663 664 8591
664 665 -7288
665 666 1173
666 667 -1756
667 668 5052
668 669 -7021
669 670 4151
670 671 -9217
671 672 7083
672 673 -9546
673 674 -6191
674 675 -6957
675 676 -6990
676 677 -9159
677 678 5752
678 679 9949
679 680 -3218
680 681 -6549
681 682 818
682 683 -3182
683 684 -6193
684 685 5158
685 686 -3641
686 687 -3570
687 688 1830
688 689 7253
689 690 5007
690 691 9115
691 692 -8477
692 693 -7269
693 694 4967
694 695 -4563
695 696 -2497
696 697 -5967
697 698 9474
698 699 -5763
699 700 -5670
700 701 1082
701 702 8893
702 703 -4000
703 704 -4174
704 705 6955
705 706 -6984
706 707 9210
707 708 -9706
708 709 -962
709 710 5106
710 711 -1686
711 712 -721
712 713 -3062
713 714 5052
714 715 3567
715 716 6748
716 717 8633
717 718 -9968
718 719 7695
719 720 7603
720 721 3080
721 722 273
722 723 1781
723 724 -64
724 725 -5224
725 726 -6320
726 727 6122
727 728 4714
728 729 6883
729 730 4182
730 731 7415
731 732 8392
732 733 -8467
733 734 -235
734 735 5695
735 736 8255
736 737 -8173
737 738 677
738 739 5392
739 740 2149
740 741 3012
741 742 7964
742 743 6714
743 744 4231
744 745 -7391
745 746 -9173
746 747 2800
747 748 -4579
748 749 -8081
749 750 553
750 751 -3890
751 752 6241
752 753 1248
753 754 -9903
754 755 8008
755 756 -1057
756 757 -5235
757 758 3049
758 759 7968
759 760 193
760 761 8149
761 762 6923
762 763 -4358
763 764 7153
764 765 -7531
765 766 -4842
766 767 -8133
767 768 -7612
768 769 -1150
769 770 2569
770 771 7680
771 772 -6656
772 773 9290
773 774 9096
774 775 -4466
775 776 -8433
776 777 4833
777 778 1184
778 779 4514
779 780 3023
780 781 -5525
781 782 8772
782 783 6709
783 784 4375
784 785 1242
785 786 -8500
786 787 8216
787 788 -8921
788 789 4846
789 790 -2318
790 791 -8966
791 792 -4398
792 793 8600
793 794 2380
794 795 6519
795 796 8045
796 797 -6984
797 798 -8147
798 799 -2059
799 800 -2249
800 801 5062
801 802 2809
802 803 1069
803 804 -4335
804 805 -4335
805 806 -6335
806 807 3680
807 808 5117
808 809 5561
809 810 7500
810 811 -416
811 812 9275
812 813 301
813 814 7307
814 815 4969
815 816 4080
816 817 82
817 818 7317
818 819 1280
819 820 586
820 821 2998
821 822 7728
822 823 4741
823 824 4922
824 825 1847
825 826 -3249
826 827 8583
827 828 -4633
828 829 5808
829 830 4990
830 831 1685
831 832 4718
832 833 7586
833 834 8040
834 835 -7790
835 836 5003
836 837 3494
837 838 -3635
838 839 125
839 840 5366
840 841 -4882
841 842 -3940
842 843 -8986
843 844 -4611
844 845 9332
845 846 -3396
846 847 -181
847 848 3400
848 849 -9216
849 850 9052
850 851 2340
851 852 -1098
852 853 -9168
853 854 1175
854 855 -5466
855 856 -4125
856 857 -5938
857 858 9530
858 859 435
859 860 -1452
860 861 -1630
861 862 9580
862 863 9908
863 864 -7297
864 865 -5212
865 866 4276
866 867 -1392
867 868 -2619
868 869 3932
869 870 -3913
870 871 9368
871 872 -6865
872 873 -3189
873 874 607
874 875 -2807
875 876 -5081
876 877 5268
877 878 -3041
878 879 -454
879 880 -6663
880 881 2351
881 882 287
882 883 -8591
883 884 -5948
884 885 5666
885 886 -1834
886 887 -5374
887 888 -7462
888 889 4523
889 890 6550
890 891 -2324
891 892 -970
892 893 -2930
893 894 7123
894 895 5105
895 896 -349
896 897 -9865
897 898 -9441
898 899 4399
899 900 -4990
900 901 9577
901 902 -9126
902 903 1196
903 904 -9771
904 905 4414
905 906 8302
906 907 3394
907 908 12
908 909 3161
909 910 6262
910 911 -6805
911 912 5027
912 913 1280
913 914 1319
914 915 1779
915 916 7162
916 917 -3698
917 918 -7372
918 919 8020
919 920 -1153
920 921 8838
921 922 7995
922 923 4122
923 924 -8364
924 925 1014
925 926 2204
926 927 -2330
927 928 -9339
928 929 -4737
929 930 6077
930 931 -7701
931 932 357
932 933 -5726
933 934 -7120
934 935 -3685
935 936 -2482
936 937 -5940
937 938 -804
938 939 -2586
939 940 -3707
940 941 -1128
941 942 -7164
942 943 5944
943 944 -856
944 945 -7116
945 946 -7373
946 947 -9297
947 948 -9264
948 949 7427
949 950 -7965
950 951 -5731
951 952 5908
952 953 -4241
953 954 -2530
954 955 184
955 956 -4093
956 957 6810
957 958 682
958 959 5343
959 960 -2427
960 961 -2463
961 962 -6595
962 963 1155
963 964 -1590
964 965 7781
965 966 6602
966 967 7753
967 968 -8972
968 969 -5410
969 970 -5365
970 971 -3545
971 972 -3116
972 973 2986
973 974 -9507
974 975 7180
975 976 4148
976 977 4930
977 978 8671
978 979 -5614
979 980 -3186
980 981 1965
981 982 2066
982 983 -4896
983 984 7124
984 985 7231
985 986 7825
986 987 6053
987 988 4170
988 989 1407
989 990 1227
990 991 2331
991 992 5976
992 993 2612
993 994 2350
994 995 -8928
995 996 1332
996 997 -7788
997 998 9514
998 999 4289
999 1000 2586
1000 1001 -5028
1001 1002 -8804
1002 1003 -5501
1003 1004 -2224
1004 1005 3693
1005 1006 9357
1006 1007 -8855
1007 1008 4774
1008 1009 -9426
1009 1010 -417
1010 1011 9449
1011 1012 -8525
1012 1013 6644
1013 1014 -2401
1014 1015 -9760
1015 1016 -3878
1016 1017 -4828
1017 1018 5351
1018 1019 -8716
1019 1020 7001
1020 1021 -6701
1021 1022 4551
1022 1023 -2480
1023 1024 8452
1024 1025 7750
1025 1026 -6132
1026 1027 5365
1027 1028 511
1028 1029 6383
1029 1030 2554
1030 1031 5878
1031 1032 3985
1032 1033 140
1033 1034 -4928
1034 1035 -7160
1035 1036 -4834
1036 1037 -9455
1037 1038 -3556
1038 1039 2078
1039 1040 -1627
1040 1041 770
1041 1042 6930
1042 1043 9477
1043 1044 -265
1044 1045 -7936
1045 1046 -8434
1046 1047 -8639
1047 1048 -1989
1048 1049 9822
1049 1050 7154
1050 1051 8300
1051 1052 -9892
1052 1053 -6669
1053 1054 -8979
1054 1055 -9395
1055 1056 -6806
1056 1057 -8119
1057 1058 -6075
1058 1059 -7629
1059 1060 -4852
1060 1061 64
1061 1062 -423
1062 1063 -4997
1063 1064 -5649
1064 1065 -8291
1065 1066 -9752
1066 1067 330
1067 1068 3174
1068 1069 -5265
1069 1070 -3052
1070 1071 -239
1071 1072 5698
1072 1073 -8710
1073 1074 3161
1074 1075 4058
1075 1076 3857
1076 1077 7810
1077 1078 -3008
1078 1079 7731
1079 1080 -1365
1080 1081 -7924
1081 1082 2842
1082 1083 1698
1083 1084 -3982
1084 1085 -7687
1085 1086 -9033
1086 1087 -3505
1087 1088 -4317
1088 1089 5185
1089 1090 1241
1090 1091 -5946
1091 1092 -476
1092 1093 -8836
1093 1094 -8358
1094 1095 -9345
1095 1096 -3108
1096 1097 2966
1097 1098 3196
1098 1099 3702
1099 1100 -8957
1100 1101 2555
1101 1102 -6562
1102 1103 4306
1103 1104 7316
1104 1105 5121
1105 1106 -2460
1106 1107 2074
1107 1108 -5745
1108 1109 -5314
1109 1110 -5442
1110 1111 -5673
1111 1112 -9389
1112 1113 -5099
1113 1114 6547
1114 1115 -8800
1115 1116 -6605
1116 1117 104
1117 1118 -2144
1118 1119 3260
1119 1120 -1816
1120 1121 -3088
1121 1122 348
1122 1123 5615
1123 1124 1813
1124 1125 7895
1125 1126 4050
1126 1127 -3296
1127 1128 7732
1128 1129 2953
1129 1130 -3680
1130 1131 8437
1131 1132 -3672
1132 1133 -1075
1133 1134 6858
1134 1135 2502
1135 1136 -1139
1136 1137 3969
1137 1138 -2100
1138 1139 -7487
1139 1140 -6845
1140 1141 -8242
1141 1142 -2476
1142 1143 14
1143 1144 -2696
1144 1145 -2567
1145 1146 -7881
1146 1147 6116
1147 1148 -1847
1148 1149 -227
1149 1150 -9244
1150 1151 5897
1151 1152 5817
1152 1153 -136
1153 1154 -8450
1154 1155 292
1155 1156 649
1156 1157 7657
1157 1158 -3928
1158 1159 4280
1159 1160 -8580
1160 1161 -3182
1161 1162 7510
1162 1163 -3348
1163 1164 -478
1164 1165 -303
1165 1166 -9629
1166 1167 1312
1167 1168 1313
1168 1169 2952
1169 1170 -949
1170 1171 1491
1171 1172 -209
1172 1173 4584
1173 1174 5803
1174 1175 8352
1175 1176 -8288
1176 1177 -72
1177 1178 -8365
1178 1179 -2545
1179 1180 4099
1180 1181 236
1181 1182 -2818
1182 1183 -8374
1183 1184 1268
1184 1185 -7259
1185 1186 1085
1186 1187 -876
1187 1188 -1223
1188 1189 -6164
1189 1190 -2710
1190 1191 -1629
1191 1192 -6936
1192 1193 -5016
1193 1194 853
1194 1195 2411
1195 1196 -4513
1196 1197 7240
1197 1198 9503
1198 1199 8503
1199 1200 -7321
1200 1201 729
1201 1202 5866
1202 1203 8702
1203 1204 9392
1204 1205 -8724
1205 1206 1820
1206 1207 -8011
1207 1208 7357
1208 1209 5201
1209 1210 -7342
1210 1211 -8266
1211 1212 -866
1212 1213 3397
1213 1214 7116
1214 1215 -339
1215 1216 9381
1216 1217 -3046
1217 1218 647
1218 1219 3721
1219 1220 4065
1220 1221 6845
1221 1222 -8818
1222 1223 -3971
1223 1224 -7290
1224 1225 -6437
1225 1226 -1450
1226 1227 4156
1227 1228 7749
1228 1229 -525
1229 1230 4482
1230 1231 -8551
1231 1232 5071
1232 1233 9342
1233 1234 -9375
1234 1235 849
1235 1236 -8505
1236 1237 -7899
1237 1238 -8794
1238 1239 3240
1239 1240 3710
1240 1241 -7136
1241 1242 9677
1242 1243 -2307
1243 1244 -6525
1244 1245 -2250
1245 1246 -3466
1246 1247 -5659
1247 1248 7481
1248 1249 -2281
1249 1250 -8625
1250 1251 8957
1251 1252 -3312
1252 1253 -1956
1253 1254 -6484
1254 1255 1250
1255 1256 -918
1256 1257 8891
1257 1258 3807
1258 1259 -5722
1259 1260 -556
1260 1261 5040
1261 1262 6467
1262 1263 5590
1263 1264 -5557
1264 1265 -8775
1265 1266 345
1266 1267 -9691
1267 1268 -7077
1268 1269 -2639
1269 1270 -6351
1270 1271 -1069
1271 1272 -5916
1272 1273 2974
1273 1274 2822
1274 1275 5077
1275 1276 8181
1276 1277 7316
1277 1278 6132
1278 1279 4221
1279 1280 7266
1280 1281 -7824
1281 1282 -969
1282 1283 5371
1283 1284 4632
1284 1285 7308
1285 1286 1932
1286 1287 9356
1287 1288 1481
1288 1289 -9529
1289 1290 959
1290 1291 3334
1291 1292 -6207
1292 1293 5839
1293 1294 9101
1294 1295 7264
1295 1296 1260
1296 1297 4246
1297 1298 9596
1298 1299 7856
1299 1300 -8184
1300 1301 -1177
1301 1302 4664
1302 1303 5335
1303 1304 6779
1304 1305 -6879
1305 1306 -1792
1306 1307 5312
1307 1308 3060
1308 1309 818
1309 1310 5283
1310 1311 3301
1311 1312 7635
1312 1313 -6520
1313 1314 -7512
1314 1315 162
1315 1316 -1449
1316 1317 -898
1317 1318 4889
1318 1319 -6711
1319 1320 -3251
1320 1321 -5186
1321 1322 6675
1322 1323 4305
1323 1324 -7361
1324 1325 7613
1325 1326 6003
1326 1327 4608
1327 1328 5953
1328 1329 -2766
1329 1330 -5247
1330 1331 -7478
1331 1332 1755
1332 1333 2622
1333 1334 -2100
1334 1335 -2564
1335 1336 -3751
1336 1337 -491
1337 1338 2923
1338 1339 6083
1339 1340 1458
1340 1341 2431
1341 1342 -1644
1342 1343 -259
1343 1344 -5837
1344 1345 3775
1345 1346 7896
1346 1347 6062
1347 1348 2690
1348 1349 1151
1349 1350 -8111
1350 1351 -9564
1351 1352 -9953
1352 1353 8168
1353 1354 5153
1354 1355 -8436
1355 1356 -7895
1356 1357 3799
1357 1358 -4377
1358 1359 3513
1359 1360 489
1360 1361 5529
1361 1362 1959
1362 1363 -4451
1363 1364 -4316
1364 1365 -5581
1365 1366 3336
1366 1367 -8907
1367 1368 -6361
1368 1369 3927
1369 1370 7807
1370 1371 -7736
1371 1372 -4974
1372 1373 6507
1373 1374 -4910
1374 1375 -8834
1375 1376 -1831
1376 1377 -7090
1377 1378 39
1378 1379 6253
1379 1380 -1853
1380 1381 -7540
1381 1382 -5037
1382 1383 -2110
1383 1384 5433
1384 1385 5831
1385 1386 4151
1386 1387 -7707
1387 1388 -3347
1388 1389 -8112
1389 1390 -4757
1390 1391 -6136
1391 1392 8205
1392 1393 699
1393 1394 -4217
1394 1395 5232
1395 1396 3915
1396 1397 -400
1397 1398 2587
1398 1399 9887
1399 1400 1512
1400 1401 9588
1401 1402 8710
1402 1403 -3440
1403 1404 -4701
1404 1405 4875
1405 1406 9854
1406 1407 511
1407 1408 3002
1408 1409 -6648
1409 1410 -4394
1410 1411 2657
1411 1412 5933
1412 1413 924
1413 1414 7764
1414 1415 3464
1415 1416 -560
1416 1417 -1931
1417 1418 -3767
1418 1419 595
1419 1420 -1274
1420 1421 -1928
1421 1422 -5228
1422 1423 -1733
1423 1424 -6576
1424 1425 2998
1425 1426 -6190
1426 1427 31
1427 1428 1882
1428 1429 -8627
1429 1430 -118
1430 1431 9904
1431 1432 -4957
1432 1433 -55
1433 1434 -2167
1434 1435 1049
1435 1436 -7616
1436 1437 3483
1437 1438 -9608
1438 1439 -4676
1439 1440 7438
1440 1441 2048
1441 1442 -3040
1442 1443 6785
1443 1444 3960
1444 1445 -2459
1445 1446 -6334
1446 1447 -5735
1447 1448 1068
1448 1449 -8282
1449 1450 -287
1450 1451 -5453
1451 1452 9909
1452 1453 6420
1453 1454 -1452
1454 1455 810
1455 1456 -7882
1456 1457 8756
1457 1458 -6395
1458 1459 -7927
1459 1460 6515
1460 1461 -4200
1461 1462 992
1462 1463 -7426
1463 1464 -1232
1464 1465 3394
1465 1466 -6331
1466 1467 6782
1467 1468 6360
1468 1469 -1208
1469 1470 -5373
1470 1471 -1262
1471 1472 -8462
1472 1473 -905
1473 1474 6295
1474 1475 -5439
1475 1476 -3393
1476 1477 6973
1477 1478 4198
1478 1479 9459
1479 1480 -4447
1480 1481 -3279
1481 1482 8243
1482 1483 370
1483 1484 6481
1484 1485 3405
1485 1486 3578
1486 1487 -1379
1487 1488 9585
1488 1489 -313
1489 1490 3976
1490 1491 -7615
1491 1492 7552
1492 1493 1626
1493 1494 2325
1494 1495 325
1495 1496 -2884
1496 1497 9009
1497 1498 -6042
1498 1499 1997
1499 1500 -2820
1500 1501 207
1501 1502 8751
1502 1503 3309
1503 1504 -5051
1504 1505 2161
1505 1506 4450
1506 1507 -4404
1507 1508 5496
1508 1509 5520
1509 1510 -365
1510 1511 5736
1511 1512 -6729
1512 1513 2337
1513 1514 1712
1514 1515 -8799
1515 1516 3843
1516 1517 4271
1517 1518 3053
1518 1519 3544
1519 1520 -4504
1520 1521 2812
1521 1522 -152
1522 1523 -3422
1523 1524 4544
1524 1525 -6487
1525 1526 3847
1526 1527 -1499
1527 1528 8901
1528 1529 1306
1529 1530 -4174
1530 1531 2770
1531 1532 9696
1532 1533 -6627
1533 1534 -6089
1534 1535 5211
1535 1536 -8328
1536 1537 -4035
1537 1538 -7982
1538 1539 -2430
1539 1540 3738
1540 1541 -2346
1541 1542 -8619
1542 1543 1115
1543 1544 -5581
1544 1545 1476
1545 1546 911
1546 1547 -5694
1547 1548 -3154
1548 1549 -4789
1549 1550 -5164
1550 1551 4915
1551 1552 257
1552 1553 -4204
1553 1554 4589
1554 1555 3459
1555 1556 -4121
1556 1557 -2243
1557 1558 -6469
1558 1559 6024
1559 1560 5299
1560 1561 601
1561 1562 -4316
1562 1563 2020
1563 1564 7824
1564 1565 -6421
1565 1566 3925
1566 1567 6306
1567 1568 3547
1568 1569 -7427
1569 1570 -1484
1570 1571 -4789
1571 1572 7899
1572 1573 -3823
1573 1574 -5492
1574 1575 7189
1575 1576 -3722
1576 1577 -9442
1577 1578 -3688
1578 1579 5294
1579 1580 78
1580 1581 9214
1581 1582 -7388
1582 1583 5478
1583 1584 5729
1584 1585 3372
1585 1586 -7446
1586 1587 2671
1587 1588 6298
1588 1589 485
1589 1590 1923
1590 1591 -2391
1591 1592 -9887
1592 1593 -950
1593 1594 -5722
1594 1595 -6273
1595 1596 -5190
1596 1597 9829
1597 1598 1432
1598 1599 -1063
1599 1600 -6100
1600 1601 -6406
1601 1602 5381
1602 1603 -5531
1603 1604 3015
1604 1605 -285
1605 1606 -5527
1606 1607 -6436
1607 1608 3774
1608 1609 -50
1609 1610 -2730
1610 1611 9831
1611 1612 -280
1612 1613 -4558
1613 1614 -2804
1614 1615 3458
1615 1616 -5968
1616 1617 -8198
1617 1618 -8369
1618 1619 9977
1619 1620 6012
1620 1621 -3681
1621 1622 -5749
1622 1623 -1723
1623 1624 -4271
1624 1625 3550
1625 1626 7205
1626 1627 6606
1627 1628 -8199
1628 1629 4900
1629 1630 -7801
1630 1631 7345
1631 1632 4168
1632 1633 1729
1633 1634 5659
1634 1635 -9424
1635 1636 -785
1636 1637 -7366
1637 1638 1919
1638 1639 9323
1639 1640 -7488
1640 1641 -90
1641 1642 8497
1642 1643 3796
1643 1644 -1096
1644 1645 6578
1645 1646 -8996
1646 1647 5228
1647 1648 9377
1648 1649 -3055
1649 1650 -673
1650 1651 -4832
1651 1652 -415
1652 1653 6359
1653 1654 -6266
1654 1655 9752
1655 1656 -8242
1656 1657 -6996
1657 1658 6960
1658 1659 -6102
1659 1660 -413
1660 1661 -40
1661 1662 1655
1662 1663 -987
1663 1664 5457
1664 1665 7310
1665 1666 1051
1666 1667 1499
1667 1668 3812
1668 1669 -6936
1669 1670 -1103
1670 1671 6214
1671 1672 -2126
1672 1673 -2091
1673 1674 -9696
1674 1675 4638
1675 1676 4121
1676 1677 7587
1677 1678 -5827
1678 1679 8385
1679 1680 9589
1680 1681 3777
1681 1682 5789
1682 1683 5555
1683 1684 -5464
1684 1685 4560
1685 1686 2239
1686 1687 -4123
1687 1688 4281
1688 1689 5952
1689 1690 -555
1690 1691 -740
1691 1692 9763
1692 1693 4272
1693 1694 -8635
1694 1695 -410
1695 1696 -620
1696 1697 -9435
1697 1698 5887
1698 1699 3961
1699 1700 -4468
1700 1701 -3592
1701 1702 -9397
1702 1703 -7704
1703 1704 3387
1704 1705 -1541
1705 1706 -3908
1706 1707 -3200
1707 1708 -9693
1708 1709 1739
1709 1710 58
1710 1711 -6899
1711 1712 8434
1712 1713 -4102
1713 1714 -9227
1714 1715 345
1715 1716 -4005
1716 1717 -4874
1717 1718 7082
1718 1719 -9001
1719 1720 4589
1720 1721 9041
1721 1722 -4556
1722 1723 8283
1723 1724 -1623
1724 1725 9885
1725 1726 -3064
1726 1727 311
1727 1728 -1398
1728 1729 -1289
1729 1730 -8390
1730 1731 -7410
1731 1732 -2762
1732 1733 3178
1733 1734 7512
1734 1735 4095
1735 1736 -2123
1736 1737 5797
1737 1738 9249
1738 1739 4825
1739 1740 -2616
1740 1741 -3551
1741 1742 -4794
1742 1743 -2589
1743 1744 -824
1744 1745 -8387
1745 1746 8897
1746 1747 3269
1747 1748 1181
1748 1749 8774
1749 1750 3988
1750 1751 -5963
1751 1752 -7503
1752 1753 6445
1753 1754 -1516
1754 1755 552
1755 1756 -9717
1756 1757 3352
1757 1758 -652
1758 1759 -2060
1759 1760 3749
1760 1761 -6885
1761 1762 -6650
1762 1763 449
1763 1764 -6238
1764 1765 -386
1765 1766 2292
1766 1767 -9039
1767 1768 -9866
1768 1769 -6721
1769 1770 3859
1770 1771 4560
1771 1772 7200
1772 1773 -5637
1773 1774 1439
1774 1775 2505
1775 1776 -8725
1776 1777 9164
1777 1778 5424
1778 1779 2707
1779 1780 7974
1780 1781 -3949
1781 1782 -4806
1782 1783 -2627
1783 1784 -5580
1784 1785 9033
1785 1786 6474
1786 1787 -2368
1787 1788 -7676
1788 1789 -2679
1789 1790 3244
1790 1791 -8570
1791 1792 -4595
1792 1793 7660
1793 1794 6733
1794 1795 5197
1795 1796 -9551
1796 1797 9763
1797 1798 9304
1798 1799 2630
1799 1800 -8659
1800 1801 600
1801 1802 3222
1802 1803 4161
1803 1804 -450
1804 1805 -583
1805 1806 -8168
1806 1807 -7468
1807 1808 6926
1808 1809 -7171
1809 1810 -5391
1810 1811 -6620
1811 1812 921
1812 1813 -9518
1813 1814 -3648
1814 1815 -931
1815 1816 -1757
1816 1817 9864
1817 1818 7771
1818 1819 4274
1819 1820 -7768
1820 1821 3979
1821 1822 8645
1822 1823 -2888
1823 1824 -4097
1824 1825 1706
1825 1826 1927
1826 1827 8783
1827 1828 -1480
1828 1829 1662
1829 1830 -6891
1830 1831 9980
1831 1832 3458
1832 1833 8345
1833 1834 -7804
1834 1835 8911
1835 1836 -1353
1836 1837 -8615
1837 1838 -5989
1838 1839 -7605
1839 1840 -8712
1840 1841 4712
1841 1842 -7116
1842 1843 -3827
1843 1844 8523
1844 1845 6399
1845 1846 5025
1846 1847 3305
1847 1848 8787
1848 1849 -1084
1849 1850 6784
1850 1851 -4868
1851 1852 -5032
1852 1853 7825
1853 1854 7127
1854 1855 5909
1855 1856 960
1856 1857 35
1857 1858 350
1858 1859 -1583
1859 1860 -7757
1860 1861 -4692
1861 1862 -3688
1862 1863 2029
1863 1864 9258
1864 1865 -2898
1865 1866 6945
1866 1867 970
1867 1868 3808
1868 1869 8290
1869 1870 899
1870 1871 -11
1871 1872 -4089
1872 1873 2622
1873 1874 -6538
1874 1875 3556
1875 1876 285
1876 1877 5333
1877 1878 -1009
1878 1879 -7981
1879 1880 5791
1880 1881 3518
1881 1882 -8347
1882 1883 -8075
1883 1884 3612
1884 1885 6327
1885 1886 1923
1886 1887 -9605
1887 1888 5788
1888 1889 8319
1889 1890 7632
1890 1891 4968
1891 1892 -8169
1892 1893 -5245
1893 1894 -831
1894 1895 3820
1895 1896 -2935
1896 1897 -1882
1897 1898 -3056
1898 1899 8308
1899 1900 -6967
1900 1901 5910
1901 1902 2309
1902 1903 -1662
1903 1904 5032
1904 1905 1686
1905 1906 6484
1906 1907 -8393
1907 1908 6454
1908 1909 -8111
1909 1910 9058
1910 1911 -3929
1911 1912 9003
1912 1913 3754
1913 1914 -7525
1914 1915 3986
1915 1916 1468
1916 1917 -2179
1917 1918 -8442
1918 1919 -340
1919 1920 8779
1920 1921 -5198
1921 1922 -1038
1922 1923 1173
1923 1924 -5855
1924 1925 -1647
1925 1926 6309
1926 1927 3862
1927 1928 7319
1928 1929 -2372
1929 1930 6730
1930 1931 3600
1931 1932 -1374
1932 1933 -5855
1933 1934 -9529
1934 1935 -3424
1935 1936 -504
1936 1937 4216
1937 1938 -2582
1938 1939 3031
1939 1940 3537
1940 1941 -2713
1941 1942 3323
1942 1943 678
1943 1944 -9445
1944 1945 -9465
1945 1946 -723
1946 1947 4960
1947 1948 -3573
1948 1949 -6320
1949 1950 -877
1950 1951 -7942
1951 1952 9347
1952 1953 9312
1953 1954 -4350
1954 1955 977
1955 1956 -9489
1956 1957 -8241
1957 1958 -6819
1958 1959 5087
1959 1960 4059
1960 1961 3947
1961 1962 -9995
1962 1963 -7092
1963 1964 1033
1964 1965 8989
1965 1966 1403
1966 1967 4135
1967 1968 -3512
1968 1969 -6509
1969 1970 -8192
1970 1971 7398
1971 1972 -7535
1972 1973 9343
1973 1974 -1513
1974 1975 7732
1975 1976 7859
1976 1977 1019
1977 1978 -8494
1978 1979 -5656
1979 1980 -2054
1980 1981 -4326
1981 1982 -5499
1982 1983 -3827
1983 1984 5935
1984 1985 9128
1985 1986 -7056
1986 1987 2063
1987 1988 6397
1988 1989 -670
1989 1990 7537
1990 1991 -6927
1991 1992 -2401
1992 1993 -2173
1993 1994 8
1994 1995 -5845
1995 1996 4009
1996 1997 6109
1997 1998 -6038
1998 1999 4930
1999 2000 -5202
1 1485 3233
3 1206 -6461
6 616 -2958
10 1786 8386
11 456 -645
13 1430 3445
17 1842 -6353
18 1977 -9016
20 818 -3184
21 1115 -9897
22 1857 -5573
34 1059 -6745
36 26 1945
39 1338 5976
42 1500 -5627
43 367 -2854
44 448 -9826
45 173 -8964
46 83 3245
47 134 -4776
50 1457 4599
52 587 1589
54 804 860
56 431 -6074
62 492 5927
67 1302 -4085
70 156 2445
73 574 1812
75 683 -7365
83 1122 3618
85 334 -3871
90 819 2672
92 362 4554
94 763 -20
95 235 -9826
96 1495 -2005
98 773 -6784
101 1596 -8560
103 305 4404
106 410 -5107
107 1558 2991
108 1627 8047
111 562 -1508
113 1920 2274
116 580 -3592
118 1000 8974
124 72 -1296
127 703 -8086
132 162 -679
135 756 -5615
138 1381 4345
139 241 -4432
143 916 5940
145 1063 -3688
147 1352 -8875
150 1790 -2908
152 1545 5246
156 998 817
159 871 -8925
162 1085 4777
164 1878 -1294
173 1604 2433
177 423 8539
182 1296 2493
186 1671 6133
187 1468 5962
189 321 6764
190 941 -2911
193 152 -1736
194 669 -9366
196 563 -4389
197 1326 8025
200 395 -174
205 752 -4058
207 669 -7598
209 1232 -1040
213 1093 2364
216 1897 3520
218 977 2099
221 438 -2865
222 1606 -4787
223 59 9273
229 524 1800
231 1084 -2948
232 1067 -5787
238 880 -3036
239 1948 4922
240 1476 7035
241 862 403
243 691 3451
244 1575 -8335
246 589 -3780
250 712 665
258 1947 -2992
261 1067 9445
268 561 -4798
269 1447 -7044
270 1782 6649
271 219 -7984
273 1825 -5123
274 1383 4906
278 1453 6597
280 621 5858
282 846 -9565
287 1433 -7149
290 223 -676
292 904 -7790
293 1611 -1225
295 1600 -6791
298 606 3597
299 922 9953
301 311 -173
306 852 -9401
313 799 -5619
315 1056 8580
318 1861 1952
319 867 8783
326 282 277
327 1068 3556
329 333 -3068
331 915 1169
338 1648 -1874
340 1444 -6841
342 214 7102
345 671 -2864
346 917 -7917
348 65 -2586
353 800 626
355 582 -4513
357 393 3644
360 1993 -7332
361 342 9128
366 705 -8596
370 1318 6903
373 987 -5881
377 1695 8059
386 1972 3676
388 753 -874
392 1126 4856
399 1605 8201
406 1724 9460
408 77 2757
417 446 -3898
419 131 -9194
422 222 -7692
427 1586 2180
440 210 -776
443 20 8057
445 948 -9130
446 87 -2821
447 1701 5411
450 1020 9898
453 296 5879
454 559 3085
457 703 7680
458 101 9803
461 238 586
468 1824 -824
469 246 -3370
481 1960 -2113
482 1924 -701
483 1755 6101
485 327 -7548
487 655 -241
492 102 2675
495 1570 -8633
497 1243 -9689
498 450 -5485
500 624 1294
501 91 1418
505 350 -6343
509 21 6443
515 1830 -1363
516 1901 -3197
525 1852 -7101
528 796 6328
529 895 -3763
534 1306 -334
536 1016 -6000
542 905 -1394
543 910 -3605
544 629 -9548
547 399 -1130
553 1109 3636
555 777 -4749
556 673 -1263
558 1044 -4784
559 1649 6195
560 755 8637
564 910 1472
569 114 -8809
573 643 -8828
576 1198 9699
579 1364 7044
581 42 -7796
583 1093 6601
584 751 -3192
587 555 -8826
597 293 8620
604 975 -8757
606 74 3283
612 139 -3281
615 1003 -4134
616 369 -7356
620 55 -4037
623 1336 8268
624 470 5931
635 1839 -8300
636 936 1389
641 1373 -3372
646 401 -5618
650 1363 7528
653 972 3797
657 1105 5982
659 1036 -2236
661 818 -7907
671 309 -5917
673 1972 -2716
676 1530 -7250
678 412 -4373
681 1075 1248
683 1684 2844
685 1629 1147
688 227 -3605
691 1705 8104
693 1590 -1032
696 1565 -5292
699 954 3506
701 1779 8330
702 68 -6654
704 134 701
706 849 -8145
707 859 -8789
712 1739 -4353
715 1760 -8995
716 446 -1197
719 764 7445
720 864 -5185
721 156 5235
722 895 -2780
724 30 -8201
725 1934 3552
728 751 -1268
731 1016 -4459
734 1589 4669
738 354 1497
740 1085 -4045
742 1680 3707
743 518 6473
744 1811 -5705
745 102 -2965
746 1125 84
749 695 -5850
752 394 -6457
755 603 1054
756 181 547
757 1840 13
758 688 -4838
759 932 6258
762 58 -1361
763 279 -9943
767 1288 -2830
769 1783 9977
770 913 -5281
776 290 6981
778 309 -1129
780 1082 -4584
781 1299 3933
799 1538 9426
801 1514 1953
803 1937 5214
807 1828 2226
809 295 9774
811 1879 -5927
813 1948 4287
818 1534 7101
819 1676 7481
827 525 -603
830 338 -3380
832 355 5336
833 1269 4087
834 198 6105
839 121 6859
843 683 -8728
845 1961 2647
847 1013 -8398
848 306 1859
850 1746 6059
851 45 7189
852 373 387
853 826 7618
855 1048 -7445
856 265 -4155
857 477 -4928
860 1825 -7965
861 134 -5033
865 340 -6103
872 1547 4431
874 1663 573
878 1689 -3060
879 1721 -148
887 1379 4971
888 819 -8818
890 856 4057
891 1877 -6001
894 431 1319
896 1617 -1812
903 1555 2469
904 241 -5286
905 1220 6866
907 978 4438
909 1995 2923
910 1626 -8334
914 1016 -8533
917 596 -6853
918 1320 4689
920 765 8217
923 796 8296
928 253 8887
929 328 -4870
935 667 1552
939 1126 -7616
940 465 -503
942 1278 -254
945 1155 9335
946 1599 6670
950 859 -5702
951 114 4538
952 1428 7392
954 1254 3916
957 1614 -1998
958 835 5025
960 841 -3990
963 1371 8237
967 1069 7958
968 1704 -1350
970 1559 -4004
971 130 -6931
972 111 -1101
973 1979 -3553
975 1039 -3624
987 1610 -3260
988 316 1936
989 1747 2687
993 45 -9657
995 842 -6312
996 294 -1445
999 1406 5799
1009 16 7468
1012 1295 -7194
1014 453 4921
1019 420 -1984
1020 1721 3218
1023 1510 8886
1027 1295 -9374
1036 935 -3630
1055 1427 -2919
1057 1646 -8948
1062 1253 6858
1063 1075 -9533
1067 1293 -3622
1070 1743 9094
1073 1915 -2767
1074 646 -2471
1076 536 8347
1083 1108 -6516
1088 1297 -4102
1090 1166 -4134
1092 653 -77
1093 1405 1395
1094 1288 -4071
1108 1519 -2851
1109 1939 2462
1111 614 7629
1114 923 -8907
1117 1960 4331
1120 1064 -5138
1134 1907 2593
1138 1329 -2074
1140 272 -7899
1141 1195 -9797
1143 675 -9143
1154 1974 4697
1156 1113 3990
1158 1362 1898
1159 1153 -8893
1162 1213 -8110
1168 1733 -512
1169 112 3630
1171 1779 -6338
1174 1104 5540
1180 749 5615
1182 1394 2683
1191 1824 7222
1200 623 6803
1201 1220 -1065
1207 26 2125
1210 1480 -2895
1212 532 -2546
1215 266 -6189
1216 897 1397
1217 386 4629
1219 1904 -1077
1221 661 5076
1227 1913 -8572
1229 469 -5821
1230 972 -8800
1239 597 -136
1240 1834 -2958
1244 1774 2707
1245 1589 4542
1247 1015 -3219
1248 1916 9944
1249 1063 -2514
1250 581 6027
1251 663 -9151
1255 1525 -4473
1262 965 -7624
1265 1224 -2355
1272 1528 9305
1273 118 8090
1276 260 6758
1277 400 -8459
1278 1605 4994
1284 1799 556
1289 477 -5719
1290 1448 4126
1294 912 317
1296 1823 2004
1301 1647 9135
1302 1595 -82
1311 5 9395
1313 549 8695
1314 1790 8744
1315 1256 -3346
1317 656 265
1321 380 1584
1324 1049 8985
1326 818 7512
1329 1949 -6255
1330 1580 6964
1333 364 7357
1336 198 9026
1339 1528 -1770
1342 1563 -2086
1349 987 -6662
1350 499 -1545
1354 570 -7945
1356 1710 -6563
1357 1838 -9626
1359 1442 6787
1360 1906 -9081
1361 1025 201
1362 825 1172
1369 970 -5569
1370 1060 -7000
1371 470 8742
1376 1718 -2181
1377 1849 3984
1379 1791 -6451
1381 368 -3038
1382 1468 -9302
1386 907 282
1392 358 5395
1393 1264 -9007
1396 844 5141
1400 1317 4512
1403 443 4736
1408 1802 5154
1409 139 -2971
1413 2000 4629
1414 861 7180
1415 1816 -5287
1416 1238 4629
1419 133 -4816
1421 943 -4420
1422 1348 8015
1427 635 -3574
1428 1286 -1961
1429 1942 2066
1430 54 5696
1436 1386 -2866
1437 1853 7166
1439 140 -5198
1440 1281 -6337
1445 1665 59
1446 622 6341
1448 1872 6871
1451 778 7485
1452 1811 -2826
1454 220 8055
1457 1519 5360
1458 690 -4770
1459 927 5992
1460 1098 -1476
1470 103 1625
1474 1263 -6151
1475 423 -6963
1478 69 3496
1480 1174 4998
1481 729 3760
1484 1082 943
1485 1256 -4741
1488 280 -2784
1494 336 1021
1496 1212 3899
1498 1334 6811
1500 938 6835
1501 1281 -1799
1503 1552 3981
1510 1577 -8595
1516 1873 -5930
1518 1846 -3203
1519 1309 2733
1522 93 9633
1529 1204 1433
1530 1992 -722
1531 746 -9209
1532 1804 -2053
1533 1078 -2221
1534 1938 4346
1535 685 2540
1536 1612 1812
1537 370 -5753
1538 554 -4625
1539 697 -3124
1540 1461 5964
1543 253 -5395
1548 1243 2451
1549 241 8668
1550 525 5379
1551 602 4087
1553 1978 6157
1554 1780 -592
1555 816 -4652
1556 1232 -3638
1557 423 -897
1559 1505 4026
1560 484 8108
1562 420 8095
1564 613 -4718
1565 1884 -5063
1566 1541 8821
1569 1140 -7886
1572 26 -380
1578 547 338
1579 44 3886
1581 1493 -460
1582 464 4007
1585 1689 6284
1595 257 -9240
1596 284 -6288
1598 962 -6003
1600 1294 7342
1601 1176 5060
1602 1772 363
1604 866 2019
1607 1522 -2927
1608 54 6782
1610 1952 -5078
1615 1010 -7058
1616 881 -3799
1618 1385 4277
1619 682 -9989
1621 1088 7148
1623 511 7053
1624 34 -4483
1625 202 1708
1626 1911 -4410
1629 1679 -2614
1630 1524 -2000
1632 1202 9688
1639 1644 3244
1641 291 7324
1645 244 38
1646 1749 -2845
1651 1136 -3691
1652 1625 1657
1655 1331 -2765
1659 1244 3915
1668 532 1227
1677 1544 3240
1680 317 1104
1683 417 7418
1687 1039 -6853
1688 876 5412
1689 1450 -7725
1691 707 8878
1695 1462 2675
1704 526 5373
1705 1940 9717
1708 195 1044
1710 345 -7160
1717 1462 6966
1721 1082 8214
1724 1169 4842
1726 153 1914
1728 71 2896
1732 133 -2130
1737 1964 -7551
1742 1646 -3762
1744 1328 4639
1745 1969 -5038
1746 660 -2951
1748 1630 -524
1749 1145 7474
1750 1761 1916
1756 1183 -251
1757 1597 6459
1765 1125 -536
1769 1815 9834
1773 1473 9132
1775 1788 5142
1776 811 -7726
1782 406 -2312
1784 1038 8589
1786 1283 7891
1789 1832 3419
1793 1736 -5151
1794 625 -5398
1795 569 7902
1797 1833 -4324
1798 1987 -2593
1799 571 7483
1802 367 -3533
1807 1524 8413
1810 842 -9623
1811 908 -8590
1814 1839 -4856
1816 1578 1228
1819 1638 -2246
1827 819 5949
1829 1500 -921
1832 278 -9946
1833 583 -4331
1835 74 1800
1841 823 -6484
1842 962 -9718
1843 290 -9801
1846 1233 9754
1847 1527 9276
1850 455 5690
1853 1948 -778
1857 776 -5621
1858 1161 -3508
1859 151 -2538
1860 399 -5576
1862 1344 -2812
1867 441 -1
1873 856 -8645
1876 465 8166
1880 763 -1559
1887 227 9200
1890 1022 2579
1892 322 -3698
1900 706 5207
1901 1489 4977
1905 1611 -3066
1909 1583 -1610
1913 78 -6229
1919 567 513
1921 1706 6540
1924 456 7526
1925 1977 2011
1928 881 9065
1931 1774 8617
1935 179 -4148
1936 269 -83
1937 677 8233
1938 380 6363
1940 516 4848
1943 1349 976
1950 308 5251
1951 1056 -7458
1953 125 9461
1956 531 -2394
1957 1377 -9723
1958 1531 -3116
1959 207 5879
1963 171 8476
1965 1827 -2896
1966 1681 5727
1967 1315 -1962
1968 813 -1228
1970 1229 47
1971 1104 1931
1972 1344 -9711
1974 1 -1339
1976 1268 1067
1977 1160 3885
1980 110 -5184
1984 153 2093
1986 954 3294
1988 19 7915
1989 291 1445
1990 530 8594
1992 1053 -2324
1993 1665 6964
1995 1890 2440
1996 805 -5931
