800 1059
1 2 5124
2 3 -3737
3 4 5204
4 5 834
5 6 1575
6 7 -7940
7 8 -1453
8 9 2324
9 10 -6240
10 11 -352
11 12 -3397
12 13 1036
13 14 -2362
14 15 -916
15 16 -6260
16 17 -401
17 18 724
18 19 8170
19 20 4709
20 21 -3481
21 22 -2352
22 23 8152
23 24 -4212
24 25 4053
25 26 -1799
26 27 -1291
27 28 -4497
28 29 -415
29 30 -1220
30 31 -3597
31 32 5508
32 33 3733
33 34 -5556
34 35 750
35 36 4342
36 37 -9628
37 38 363
38 39 730
39 40 5471
40 41 7616
41 42 -8461
42 43 6489
43 44 5995
44 45 4363
45 46 9220
46 47 3037
47 48 -1463
48 49 -6331
49 50 4001
50 51 7404
51 52 -1724
52 53 -8003
53 54 -7771
54 55 1409
55 56 6102
56 57 2137
57 58 -3599
58 59 6668
59 60 -9826
60 61 8116
61 62 9515
62 63 9809
63 64 1416
64 65 -6325
65 66 -1467
66 67 -7143
67 68 -9649
68 69 7858
69 70 -8373
70 71 -6864
71 72 -3526
72 73 -1875
73 74 8284
74 75 -8358
75 76 -1085
76 77 -178
77 78 -2795
78 79 9966
79 80 5641
80 81 -5321
81 82 9969
82 83 -2789
83 84 -9078
84 85 4790
85 86 -2525
86 87 3041
87 88 5605
88 89 3557
89 90 -3871
90 91 -3331
91 92 8540
92 93 -9492
93 94 -8799
94 95 -5856
95 96 1459
96 97 -141
97 98 -4287
98 99 -2448
99 100 4271
100 101 8926
101 102 -6840
102 103 4262
103 104 -5942
104 105 1908
105 106 7033
106 107 194
107 108 -4784
108 109 4498
109 110 1620
110 111 -6557
111 112 -2844
112 113 -2232
113 114 51
114 115 8389
115 116 3587
116 117 -7274
117 118 724
118 119 6640
119 120 -2656
120 121 5068
121 122 8875
122 123 -3289
123 124 6634
124 125 -7717
125 126 -4225
126 127 -5476
127 128 -1718
128 129 -7949
129 130 9844
130 131 7915
131 132 5159
132 133 2551
133 134 4405
134 135 3035
135 136 -8710
136 137 -2313
137 138 8866
138 139 5986
139 140 2822
140 141 -324
141 142 4655
142 143 695
143 144 -3548
144 145 3477
145 146 -6793
146 147 -3673
147 148 -5982
148 149 -363
149 150 1943
150 151 -5423
151 152 4652
152 153 6327
153 154 -5558
154 155 6769
155 156 -6126
156 157 7668
157 158 6247
158 159 9167
159 160 8270
160 161 4059
161 162 7809
162 163 2498
163 164 4797
164 165 6061
165 166 3484
166 167 8472
167 168 -4825
168 169 -4574
169 170 -3208
170 171 7603
171 172 3132
172 173 -8983
173 174 7857
174 175 7818
175 176 1386
176 177 2475
177 178 -8405
178 179 -9667
179 180 4627
180 181 -1954
181 182 4538
182 183 9318
183 184 -1226
184 185 9827
185 186 -6489
186 187 1002
187 188 7598
188 189 -5191
189 190 6977
190 191 4686
191 192 -8480
192 193 -3786
193 194 6564
194 195 4839
195 196 9154
196 197 6634
197 198 -7925
198 199 4749
199 200 3505
200 201 9085
201 202 -5175
202 203 -4535
203 204 -7440
204 205 7233
205 206 6423
206 207 7682
207 208 6009
208 209 3799
209 210 -1384
210 211 -9080
211 212 466
212 213 4635
213 214 -4398
214 215 320
215 216 8540
216 217 -2145
217 218 -2320
218 219 -4165
219 220 6996
220 221 -737
221 222 -1982
222 223 7529
223 224 -1167
224 225 -8605
225 226 -1841
226 227 -7456
227 228 8508
228 229 -9827
229 230 -9818
230 231 -7107
231 232 -1383
232 233 9422
233 234 1433
234 235 5915
235 236 6753
236 237 -1439
237 238 -2441
238 239 3864
239 240 9913
240 241 -7974
241 242 8554
242 243 -5745
243 244 -4424
244 245 5702
245 246 -7900
246 247 8716
247 248 7636
248 249 9282
249 250 -9201
250 251 9408
251 252 5820
252 253 3435
253 254 -1383
254 255 1165
255 256 -5388
256 257 -6612
257 258 -7609
258 259 9346
259 260 6719
260 261 6201
261 262 -1712
262 263 -9171
263 264 5106
264 265 -1674
265 266 -75
266 267 -2725
267 268 -7724
268 269 -7122
269 270 4432
270 271 -1060
271 272 7914
272 273 5178
273 274 -3721
274 275 5311
275 276 -6820
276 277 6938
277 278 3828
278 279 2568
279 280 6326
280 281 -4029
281 282 -6309
282 283 -8462
283 284 -3594
284 285 7169
285 286 -2746
286 287 -151
287 288 7960
288 289 1362
289 290 5790
290 291 7521
291 292 3664
292 293 -1628
293 294 553
294 295 5959
295 296 -4901
296 297 8436
297 298 3109
298 299 -3610
299 300 -8901
300 301 5543
301 302 7567
302 303 6380
303 304 -6524
304 305 4320
305 306 -4081
306 307 -7207
307 308 -4585
308 309 -7230
309 310 5735
310 311 9982
311 312 1464
312 313 2265
313 314 -679
314 315 -2959
315 316 9675
316 317 4217
317 318 -9351
318 319 7317
319 320 -4706
320 321 -7186
321 322 -9886
322 323 -9154
323 324 -6692
324 325 -5620
325 326 8969
326 327 -5076
327 328 2856
328 329 -2332
329 330 -7662
330 331 -5255
331 332 2708
332 333 -2495
333 334 5930
334 335 -7733
335 336 4923
336 337 804
337 338 7859
338 339 -9331
339 340 -612
340 341 -7957
341 342 -3631
342 343 -3530
343 344 550
344 345 -2021
345 346 3067
346 347 -2027
347 348 -8768
348 349 482
349 350 -2492
350 351 4515
351 352 -5045
352 353 7747
353 354 2152
354 355 -3040
355 356 1573
356 357 -2361
357 358 8067
358 359 -1090
359 360 -2289
360 361 9800
361 362 9854
362 363 1383
363 364 347
364 365 1009
365 366 -3693
366 367 -3783
367 368 -8675
368 369 3729
369 370 -5419
370 371 -7256
371 372 1449
372 373 1155
373 374 -5763
374 375 7539
375 376 -3542
376 377 -4748
377 378 -7531
378 379 5509
379 380 -6903
380 381 9817
381 382 -5812
382 383 -8931
383 384 -4920
384 385 -6225
385 386 -9814
386 387 -79
387 388 2656
388 389 -6531
389 390 7747
390 391 -8193
391 392 4934
392 393 9021
393 394 3187
394 395 -2840
395 396 2547
396 397 -7566
397 398 -3316
398 399 6199
399 400 -8758
400 401 9481
401 402 -9138
402 403 -884
403 404 4216
404 405 -755
405 406 3623
406 407 -8527
407 408 7961
408 409 -2941
409 410 9311
410 411 489
411 412 6149
412 413 -1411
413 414 2621
414 415 4505
415 416 -7916
416 417 3543
417 418 9327
418 419 1125
419 420 -2548
420 421 2589
421 422 -9450
422 423 -9304
423 424 -5603
424 425 -2249
425 426 8279
426 427 -8481
427 428 -405
428 429 9915
429 430 8619
430 431 9035
431 432 -6679
432 433 -6513
433 434 162
434 435 4838
435 436 2115
436 437 656
437 438 2933
438 439 -5942
439 440 5149
440 441 7025
441 442 7874
442 443 -5000
443 444 4334
444 445 6008
445 446 593
446 447 -4201
447 448 5913
448 449 -425
449 450 7524
450 451 6777
451 452 4468
452 453 -7485
453 454 8682
454 455 9414
455 456 -1531
456 457 7698
457 458 582
458 459 -4304
459 460 -4300
460 461 -1536
461 462 -2789
462 463 4290
463 464 -1953
464 465 -5148
465 466 -2330
466 467 9174
467 468 4588
468 469 -8479
469 470 1372
470 471 8221
471 472 -7298
472 473 -4114
473 474 -9077
474 475 3701
475 476 1077
476 477 -7874
477 478 -5106
478 479 -3344
479 480 3169
480 481 -4113
481 482 -9591
482 483 -210
483 484 6360
484 485 -7245
485 486 -2869
486 487 -2317
487 488 1743
488 489 2439
489 490 5576
490 491 -5842
491 492 5551
492 493 -3847
493 494 3200
494 495 4319
495 496 6716
496 497 6793
497 498 -3692
498 499 -6572
499 500 7784
500 501 -852
501 502 -5466
502 503 4619
503 504 -6578
504 505 5867
505 506 8852
506 507 -571
507 508 -1411
508 509 4506
509 510 -6552
510 511 919
511 512 3325
512 513 8683
513 514 -4910
514 515 -143
515 516 -5096
516 517 8964
517 518 4115
518 519 -4410
519 520 -5256
520 521 9636
521 522 -3175
522 523 187
523 524 49
524 525 -5536
525 526 -3660
526 527 8938
527 528 -65
528 529 6527
529 530 -2980
530 531 -7121
531 532 5626
532 533 -2266
533 534 -4933
534 535 3727
535 536 -5619
536 537 -367
537 538 3088
538 539 426
539 540 324
540 541 4626
541 542 421
542 543 1010
543 544 -1940
544 545 7528
545 546 9995
546 547 1191
547 548 1625
548 549 -1056
549 550 3308
550 551 7860
551 552 -9951
552 553 9383
553 554 3495
554 555 -6218
555 556 825
556 557 -8131
557 558 -6025
558 559 -5746
559 560 -9909
560 561 4039
561 562 4063
562 563 8169
563 564 -265
564 565 2797
565 566 -680
566 567 -1369
567 568 -7090
568 569 -1782
569 570 -6593
570 571 -9565
571 572 -428
572 573 -3665
573 574 -678
574 575 -4511
575 576 3902
576 577 -2654
577 578 -5433
578 579 3268
579 580 3574
580 581 -8968
581 582 -6911
582 583 8314
583 584 6561
584 585 -6779
585 586 7506
586 587 5234
587 588 -1631
588 589 6305
589 590 2794
590 591 1425
591 592 3950
592 593 9738
593 594 3551
594 595 -658
595 596 4006
596 597 -2060
597 598 2682
598 599 1265
599 600 -203
600 601 -6893
601 602 8542
602 603 3989
603 604 -9925
604 605 2512
605 606 3054
606 607 1140
607 608 -9161
608 609 -1286
609 610 9921
610 611 4697
611 612 -4166
612 613 -3746
613 614 -4886
614 615 -9946
615 616 -8397
616 617 1570
617 618 9689
618 619 4840
619 620 -9477
620 621 1505
621 622 -9281
622 623 5108
623 624 -9021
624 625 1607
625 626 3863
626 627 978
627 628 775
628 629 -1218
629 630 -1034
630 631 5815
631 632 -1877
632 633 7986
633 634 9577
634 635 -8121
635 636 -2585
636 637 -1123
637 638 -8495
638 639 8096
639 640 -4639
640 641 6649
641 642 3765
642 643 -4857
643 644 7663
644 645 6855
645 646 -6114
646 647 5978
647 648 3378
648 649 -5313
649 650 -1638
650 651 -6753
651 652 -1374
652 653 1683
653 654 -4741
654 655 -1336
655 656 5930
656 657 4982
657 658 -2577
658 659 7353
659 660 -6304
660 661 -4340
661 662 -489
662 663 -7119
663 664 330
664 665 -7057
665 666 6590
666 667 -1178
667 668 2016
668 669 6040
669 670 -9579
670 671 -7036
671 672 -9115
672 673 5396
673 674 -1234
674 675 9975
675 676 4311
676 677 -6441
677 678 3582
678 679 -8850
679 680 -1856
680 681 5817
681 682 1395
682 683 3448
683 684 -891
684 685 -8262
685 686 7923
686 687 -1324
687 688 6447
688 689 -7694
689 690 3609
690 691 -9160
691 692 8985
692 693 -3902
693 694 -8678
694 695 5571
695 696 -6056
696 697 -6143
697 698 3558
698 699 7618
699 700 -5024
700 701 3363
701 702 -8158
702 703 5066
703 704 3477
704 705 162
705 706 -489
706 707 9702
707 708 -4456
708 709 -3672
709 710 406
710 711 5861
711 712 -7748
712 713 7701
713 714 7166
714 715 6859
715 716 4148
716 717 -6053
717 718 -5290
718 719 1288
719 720 2140
720 721 -3530
721 722 -3983
722 723 -6559
723 724 1521
724 725 -5001
725 726 752
726 727 -145
727 728 -6143
728 729 8475
729 730 3597
730 731 776
731 732 9898
732 733 6330
733 734 5233
734 735 -2713
735 736 730
736 737 -6251
737 738 961
738 739 -3987
739 740 -1420
740 741 -8463
741 742 521
742 743 -852
743 744 6108
744 745 -287
745 746 -1059
746 747 4571
747 748 -2975
748 749 1912
749 750 -6477
750 751 -7069
751 752 2726
752 753 -8591
753 754 327
754 755 5764
755 756 9511
756 757 -9
757 758 9151
758 759 8035
759 760 8169
760 761 2708
761 762 5445
762 763 -7865
763 764 6373
764 765 6450
765 766 -3696
766 767 -8448
767 768 -5773
768 769 468
769 770 5689
770 771 3163
771 772 -47
772 773 2330
773 774 -4459
774 775 8831
775 776 6947
776 777 -7871
777 778 -2041
778 779 8927
779 780 8946
780 781 2966
781 782 4805
782 783 -3314
783 784 2332
784 785 -1684
785 786 -803
786 787 -1905
787 788 4423
788 789 -8346
789 790 5736
790 791 4960
791 792 2057
792 793 9253
793 794 2972
794 795 -2573
795 796 3229
796 797 5874
797 798 -8456
798 799 -4622
799 800 -8127
13 198 -1090
22 696 5213
25 621 612
28 783 -4982
32 95 6438
34 278 678
39 774 -6043
42 512 -5283
43 322 4051
57 663 8504
59 115 -6090
62 304 5273
63 587 127
66 384 -6516
68 277 -7992
76 458 -4396
77 12 4008
79 600 1051
82 773 4810
91 113 -8964
93 706 5947
94 549 -6693
97 131 -7521
108 283 8570
113 585 -6125
119 206 -59
120 655 2555
122 631 8712
124 57 2329
126 512 -6947
128 445 -5860
129 126 -907
130 34 9536
131 401 -5433
132 442 9847
134 172 4607
137 89 -737
139 256 -5637
143 577 -4298
144 38 -9003
146 776 -5904
149 475 -5149
153 221 -1302
154 298 2184
155 506 -243
157 757 2127
159 287 6567
160 3 969
164 74 -4329
165 313 8658
169 634 8867
173 682 -2896
178 637 8860
180 342 440
181 337 4640
182 511 -3656
185 135 9095
188 638 8152
193 628 -1099
196 742 -7981
198 331 2878
201 84 -2843
202 751 9989
203 282 -4019
205 675 -6962
210 568 -4186
217 658 -1419
220 519 -6262
222 464 -1544
224 6 -5670
232 143 -8279
233 713 -6893
234 77 7943
236 565 5508
237 615 -9486
238 407 -3473
240 423 5755
248 480 8378
250 5 8220
252 29 6902
254 73 164
255 384 8046
259 559 4644
265 633 -6157
266 759 -7619
267 359 4455
270 516 -3509
274 634 -8758
278 415 -3582
292 438 5166
293 615 9250
295 650 -3626
297 704 7426
302 107 -780
304 773 -6524
306 413 5593
307 658 -4351
311 556 -7325
312 337 -6935
315 131 -9404
316 499 9226
319 349 -4885
321 566 5032
325 127 4328
334 163 -2883
336 230 1772
337 173 4252
341 538 7250
343 272 -8060
346 769 -1280
351 534 -1327
352 59 -4319
360 539 955
361 434 -9214
362 215 6488
363 225 -7844
364 351 6884
366 148 8605
368 158 -8084
369 798 5273
371 479 2821
377 582 9533
380 793 3008
381 167 7952
389 715 6684
393 196 2086
400 655 -6945
405 127 -9733
409 182 -1279
414 296 8039
415 587 -9610
416 249 4869
423 58 -1462
432 361 8621
438 535 -5733
440 301 -4453
441 319 -9487
442 32 1027
443 474 1035
444 566 329
446 348 904
447 695 20
451 747 8205
454 377 -244
455 67 -9969
458 238 -4972
459 124 3942
462 149 4397
465 464 6528
467 563 4688
468 312 -9949
472 356 5059
480 421 3051
481 447 8904
488 553 5109
493 289 7439
497 5 3953
500 597 592
504 430 -6192
506 289 -760
507 585 -7925
508 63 -2026
509 545 6852
510 241 -4868
517 387 9669
518 673 8660
520 345 1577
524 456 -6946
530 155 -553
532 100 3585
533 103 4747
534 792 2234
536 528 -9667
538 489 8210
545 637 9078
548 608 -7951
550 246 7450
551 43 2669
553 321 9761
556 17 4820
560 263 7142
561 318 7552
562 472 -4791
570 17 -3256
571 788 8107
574 751 -696
577 155 7817
578 527 3714
579 688 -4903
587 709 -2128
588 198 -8853
589 130 -5587
591 195 -6714
592 695 -6850
596 14 -2699
597 366 -5555
602 40 -3295
603 435 -8449
610 744 -4593
613 526 -2119
615 792 8872
616 228 -2475
617 375 -7142
621 140 -2080
625 447 5475
629 469 34
634 320 -2832
636 727 8120
637 311 -2713
639 724 9427
644 396 9576
645 307 -904
649 679 -281
650 312 4410
652 768 -5336
657 325 12
659 36 3415
661 72 -9203
664 189 3508
665 374 4011
666 42 -7884
668 760 -3750
677 142 4256
679 441 5650
684 250 -168
685 591 1260
686 97 -9473
687 587 5964
689 128 8813
693 31 -6682
695 715 -8078
697 702 4361
699 418 9124
700 251 -7092
703 719 -7825
705 30 5422
708 503 -399
713 514 3227
715 218 4755
719 52 3267
722 302 8093
724 562 -7126
726 246 -7618
731 216 -5360
732 256 8311
734 79 8623
742 18 -3393
744 25 -7462
745 691 6947
746 550 912
751 681 -5885
756 563 -6140
757 495 -534
761 757 -88
764 56 33
768 746 3690
774 459 -1571
776 332 7674
788 509 333
792 237 -8027
