2000 2677
1 2 -349
2 3 -2786
3 4 -7607
4 5 4307
5 6 452
6 7 -8436
7 8 3703
8 9 -7347
9 10 -9377
10 11 -5318
11 12 6123
12 13 7456
13 14 -3284
14 15 -8066
15 16 7990
16 17 -5663
17 18 3953
18 19 775
19 20 -430
20 21 -7660
21 22 -1266
22 23 -6171
23 24 8484
24 25 3615
25 26 7544
26 27 -7271
27 28 -3838
28 29 2751
29 30 5845
30 31 780
31 32 444
32 33 -9741
33 34 -7600
34 35 -4860
35 36 2271
36 37 8353
37 38 8348
38 39 8607
39 40 5337
40 41 1580
41 42 -1225
42 43 4962
43 44 2653
44 45 -608
45 46 5128
46 47 -1404
47 48 7758
48 49 -8891
49 50 3695
50 51 983
51 52 -6293
52 53 7030
53 54 8031
54 55 -9379
55 56 6611
56 57 7503
57 58 -3199
58 59 -829
59 60 -3381
60 61 -9519
61 62 -6711
62 63 9251
63 64 -6970
64 65 5572
65 66 -886
66 67 -2605
67 68 -7558
68 69 1019
69 70 2574
70 71 2784
71 72 -9998
72 73 2599
73 74 1151
74 75 2727
75 76 6133
76 77 7793
77 78 7774
78 79 2303
79 80 3962
80 81 -7750
81 82 2498
82 83 -9251
83 84 -8352
84 85 6217
85 86 -6129
86 87 2609
87 88 -6409
88 89 6115
89 90 3209
90 91 -7409
91 92 -2161
92 93 -8736
93 94 416
94 95 7699
95 96 -275
96 97 7871
97 98 1865
98 99 -3022
99 100 -925
100 101 1592
101 102 -1315
102 103 -4735
103 104 8069
104 105 -4001
105 106 9271
106 107 627
107 108 1071
108 109 -8668
109 110 -2945
110 111 9048
111 112 6871
112 113 1756
113 114 -4054
114 115 -8941
115 116 3787
116 117 -7113
117 118 -5894
118 119 -3473
119 120 4096
120 121 -6558
121 122 -1095
122 123 2507
123 124 -2869
124 125 -8303
125 126 -4477
126 127 -4649
127 128 -6755
128 129 -4939
129 130 -439
130 131 -7550
131 132 -5111
132 133 3648
133 134 657
134 135 -8557
135 136 -8496
136 137 -152
137 138 -1530
138 139 953
139 140 -1626
140 141 9115
141 142 -7602
142 143 -204
143 144 1959
144 145 -2999
145 146 1354
146 147 -997
147 148 -5759
148 149 1761
149 150 -3493
150 151 -6513
151 152 -4289
152 153 2862
153 154 -3439
154 155 422
155 156 5426
156 157 -2265
157 158 -2869
158 159 -8297
159 160 1870
160 161 -284
161 162 -5858
162 163 -683
163 164 -3506
164 165 -4058
165 166 -1396
166 167 -8368
167 168 -9024
168 169 -5327
169 170 2398
170 171 923
171 172 -8473
172 173 -9558
173 174 814
174 175 162
175 176 8676
176 177 3109
177 178 9942
178 179 -2715
179 180 -2695
180 181 9382
181 182 8462
182 183 -3611
183 184 -2474
184 185 -9530
185 186 3488
186 187 -3646
187 188 2179
188 189 -4008
189 190 -9347
190 191 -6085
191 192 5460
192 193 4221
193 194 7263
194 195 8396
195 196 -7788
196 197 -1021
197 198 -6680
198 199 -6318
199 200 2120
200 201 -6838
201 202 6961
202 203 -1705
203 204 -9741
204 205 -7320
205 206 3068
206 207 6582
207 208 -9189
208 209 -6681
209 210 -8619
210 211 -67
211 212 2182
212 213 -8619
213 214 7693
214 215 -6075
215 216 3404
216 217 -1931
217 218 -6364
218 219 4621
219 220 1092
220 221 7351
221 222 1690
222 223 4676
223 224 -5317
224 225 -8148
225 226 -7633
226 227 6341
227 228 9379
228 229 4698
229 230 4386
230 231 -9403
231 232 -6935
232 233 -3240
233 234 9763
234 235 2308
235 236 -7895
236 237 -1118
237 238 -8146
238 239 -2152
239 240 1521
240 241 9160
241 242 6234
242 243 1597
243 244 5286
244 245 9924
245 246 3972
246 247 -44
247 248 7389
248 249 5747
249 250 1015
250 251 6366
251 252 9880
252 253 -8773
253 254 353
254 255 7098
255 256 -5805
256 257 38
257 258 -2742
258 259 -5638
259 260 -8050
260 261 738
261 262 6848
262 263 -5452
263 264 -4371
264 265 1759
265 266 2656
266 267 8096
267 268 7902
268 269 -6689
269 270 6048
270 271 8986
271 272 3432
272 273 -5039
273 274 7409
274 275 -9671
275 276 -3991
276 277 4553
277 278 7443
278 279 9381
279 280 2789
280 281 7998
281 282 -3617
282 283 -4947
283 284 -6411
284 285 -88
285 286 -3977
286 287 -1037
287 288 -4837
288 289 -1834
289 290 4055
290 291 6739
291 292 -5235
292 293 877
293 294 -3437
294 295 -587
295 296 4790
296 297 4542
297 298 728
298 299 -7047
299 300 -8809
300 301 -6933
301 302 4383
302 303 -2036
303 304 848
304 305 6823
305 306 -7733
306 307 6093
307 308 3796
308 309 9736
309 310 -4497
310 311 -1383
311 312 -4143
312 313 -5232
313 314 -4561
314 315 2610
315 316 -9054
316 317 9850
317 318 -8271
318 319 6272
319 320 -3349
320 321 4378
321 322 2505
322 323 -2413
323 324 -7912
324 325 575
325 326 9017
326 327 6067
327 328 -2795
328 329 3609
329 330 648
330 331 8994
331 332 -4617
332 333 -2694
333 334 7150
334 335 2520
335 336 -3490
336 337 5742
337 338 -3405
338 339 -866
339 340 -2512
340 341 -8330
341 342 -213
342 343 281
343 344 1767
344 345 -9398
345 346 577
346 347 7620
347 348 4027
348 349 -32
349 350 -9079
350 351 4505
351 352 1629
352 353 3639
353 354 8046
354 355 4810
355 356 -3099
356 357 -8112
357 358 -4988
358 359 -9632
359 360 -6166
360 361 -9953
361 362 585
362 363 541
363 364 -4790
364 365 -1707
365 366 6742
366 367 -4906
367 368 7190
368 369 4286
369 370 -3332
370 371 3994
371 372 9240
372 373 3319
373 374 8311
374 375 3492
375 376 -9586
376 377 527
377 378 3078
378 379 -4112
379 380 -7312
380 381 7671
381 382 -3031
382 383 4832
383 384 1413
384 385 -4677
385 386 -4719
386 387 -8809
387 388 -103
388 389 9032
389 390 2828
390 391 -4038
391 392 -8960
392 393 -2456
393 394 8706
394 395 1366
395 396 -1711
396 397 8465
397 398 -2659
398 399 -3976
399 400 5944
400 401 5899
401 402 -4944
402 403 3078
403 404 1504
404 405 2594
405 406 -5352
406 407 -3283
407 408 -5455
408 409 8090
409 410 8750
410 411 5681
411 412 9571
412 413 -6796
413 414 3653
414 415 -4996
415 416 3413
416 417 -9680
417 418 8304
418 419 -1746
419 420 3434
420 421 598
421 422 -8523
422 423 7803
423 424 -8510
424 425 7894
425 426 -3319
426 427 2071
427 428 8078
428 429 7772
429 430 1575
430 431 4146
431 432 5488
432 433 8258
433 434 -8206
434 435 1698
435 436 1169
436 437 4259
437 438 9717
438 439 9909
439 440 -4386
440 441 9748
441 442 2866
442 443 6298
443 444 122
444 445 7092
445 446 2759
446 447 518
447 448 -2009
448 449 2231
449 450 -6244
450 451 68
451 452 5943
452 453 -6114
453 454 7367
454 455 2940
455 456 6084
456 457 -3989
457 458 6141
458 459 1116
459 460 -2265
460 461 9235
461 462 -3606
462 463 2485
463 464 3681
464 465 3480
465 466 -5291
466 467 -475
467 468 -508
468 469 9704
469 470 -7635
470 471 -5071
471 472 9831
472 473 7472
473 474 5224
474 475 -2441
475 476 -3195
476 477 5991
477 478 -2810
478 479 9239
479 480 -9368
480 481 8647
481 482 8345
482 483 7761
483 484 5148
484 485 -7037
485 486 6743
486 487 -8271
487 488 8898
488 489 -1720
489 490 6580
490 491 -3826
491 492 -5718
492 493 -642
493 494 6252
494 495 6199
495 496 -8362
496 497 2707
497 498 4572
498 499 3597
499 500 -6463
500 501 -5375
501 502 9422
502 503 9062
503 504 6401
504 505 7459
505 506 -5054
506 507 2938
507 508 3559
508 509 -8518
509 510 4817
510 511 3581
511 512 9316
512 513 -7245
513 514 -9350
514 515 -4739
515 516 6920
516 517 -2003
517 518 -9494
518 519 -3719
519 520 890
520 521 6201
521 522 7141
522 523 -8004
523 524 2466
524 525 -3055
525 526 1929
526 527 5706
527 528 -3654
528 529 -174
529 530 4055
530 531 2060
531 532 4768
532 533 -226
533 534 5121
534 535 -8468
535 536 4424
536 537 -3211
537 538 -1011
538 539 -6366
539 540 1776
540 541 2143
541 542 4663
542 543 6861
543 544 875
544 545 8104
545 546 -474
546 547 8321
547 548 -6221
548 549 8864
549 550 4454
550 551 -4604
551 552 5772
552 553 -2590
553 554 280
554 555 -4779
555 556 9685
556 557 -6239
557 558 -3256
558 559 -5199
559 560 -9723
560 561 -1196
561 562 -899
562 563 3020
563 564 8282
564 565 3501
565 566 -1616
566 567 -2999
567 568 -3302
568 569 -1352
569 570 7863
570 571 -3052
571 572 564
572 573 3676
573 574 -7757
574 575 5197
575 576 5830
576 577 -5495
577 578 -3057
578 579 1921
579 580 4619
580 581 6167
581 582 -4194
582 583 4001
583 584 -7907
584 585 4238
585 586 -3731
586 587 6074
587 588 -802
588 589 -4630
589 590 9907
590 591 5409
591 592 -1789
592 593 -4943
593 594 -9701
594 595 7898
595 596 8584
596 597 1449
597 598 -6796
598 599 7999
599 600 1755
600 601 -9255
601 602 -3205
602 603 -767
603 604 -5797
604 605 -1883
605 606 -1897
606 607 -57
607 608 3502
608 609 5411
609 610 -8289
610 611 -5751
611 612 6618
612 613 -6904
613 614 -9452
614 615 5575
615 616 349
616 617 1266
617 618 9070
618 619 -1508
619 620 1549
620 621 6558
621 622 -7504
622 623 -6637
623 624 4763
624 625 9136
625 626 1344
626 627 -6789
627 628 2459
628 629 8052
629 630 5329
630 631 3401
631 632 5179
632 633 9868
633 634 9529
634 635 3577
635 636 6503
636 637 -8393
637 638 -1272
638 639 8889
639 640 4307
640 641 -4062
641 642 8324
642 643 -4326
643 644 -8290
644 645 -4370
645 646 -2901
646 647 -2031
647 648 -9982
648 649 -1301
649 650 -8916
650 651 7545
651 652 740
652 653 7774
653 654 -4227
654 655 -5557
655 656 -1106
656 657 53
657 658 -2186
658 659 -9526
659 660 -1431
660 661 -5761
661 662 -959
662 663 -1397
663 664 -3132
664 665 -9829
665 666 7185
666 667 7865
667 668 1060
668 669 -4204
669 670 2320
670 671 -6492
671 672 -3354
672 673 7995
673 674 2669
674 675 -7063
675 676 9216
676 677 -2320
677 678 -1660
678 679 8677
679 680 -4948
680 681 5493
681 682 -945
682 683 -7917
683 684 -7164
684 685 3756
685 686 -6853
686 687 -3945
687 688 -2820
688 689 -1012
689 690 4582
690 691 -2251
691 692 -5111
692 693 5981
693 694 6166
694 695 -5014
695 696 -1134
696 697 1105
697 698 830
698 699 -7563
699 700 -3684
700 701 -7541
701 702 5836
702 703 -4238
703 704 4141
704 705 8630
705 706 -2637
706 707 9867
707 708 -6197
708 709 9736
709 710 3286
710 711 -1678
711 712 -2498
712 713 6122
713 714 920
714 715 9266
715 716 8639
716 717 2741
717 718 -3731
718 719 -5717
719 720 -9825
720 721 6686
721 722 6551
722 723 3394
723 724 -2315
724 725 -6845
725 726 -8099
726 727 -8718
727 728 -4458
728 729 -8392
729 730 -9220
730 731 -823
731 732 3549
732 733 -2501
733 734 6675
734 735 4215
735 736 -3961
736 737 7989
737 738 -4913
738 739 8552
739 740 -7807
740 741 -9472
741 742 5134
742 743 3263
743 744 836
744 745 3449
745 746 -3178
746 747 9119
747 748 -9834
748 749 7379
749 750 2507
750 751 2646
751 752 -7701
752 753 -8434
753 754 -1770
754 755 -9489
755 756 5679
756 757 6314
757 758 -2591
758 759 8686
759 760 1601
760 761 -7488
761 762 3129
762 763 -8765
763 764 9529
764 765 -4695
765 766 -2615
766 767 -7793
767 768 9071
768 769 2452
769 770 501
770 771 -9865
771 772 5045
772 773 -1110
773 774 8175
774 775 4553
775 776 -7285
776 777 6575
777 778 7102
778 779 1100
779 780 2683
780 781 -5492
781 782 7731
782 783 -8174
783 784 5187
784 785 1505
785 786 617
786 787 4006
787 788 540
788 789 6979
789 790 1490
790 791 -6982
791 792 -4005
792 793 -3261
793 794 662
794 795 -3187
795 796 -1602
796 797 169
797 798 9956
798 799 -9701
799 800 3784
800 801 5670
801 802 -2043
802 803 -939
803 804 7576
804 805 -3613
805 806 -8820
806 807 -5618
807 808 6636
808 809 -7667
809 810 -8865
810 811 -9709
811 812 6625
812 813 8000
813 814 -9038
814 815 2308
815 816 -3816
816 817 -7783
817 818 -1808
818 819 -7147
819 820 2446
820 821 -2896
821 822 2307
822 823 -7518
823 824 8599
824 825 3044
825 826 8943
826 827 -654
827 828 5110
828 829 -9913
829 830 -923
830 831 -6918
831 832 -1156
832 833 2784
833 834 -2521
834 835 -5306
835 836 -4372
836 837 3754
837 838 -5138
838 839 7385
839 840 2297
840 841 238
841 842 -8944
842 843 -737
843 844 3842
844 845 -5191
845 846 -674
846 847 1677
847 848 729
848 849 7214
849 850 4
850 851 5321
851 852 -3286
852 853 2376
853 854 8307
854 855 1876
855 856 7257
856 857 8180
857 858 5649
858 859 5400
859 860 -8314
860 861 -7946
861 862 5513
862 863 3909
863 864 5898
864 865 9279
865 866 3298
866 867 -4577
867 868 -7529
868 869 -2984
869 870 -3685
870 871 -5329
871 872 2879
872 873 -4434
873 874 -5257
874 875 1867
875 876 -7991
876 877 -294
877 878 -1505
878 879 733
879 880 2613
880 881 6263
881 882 -6298
882 883 -9692
883 884 3666
884 885 3229
885 886 -7385
886 887 9884
887 888 3143
888 889 -8721
889 890 -1546
890 891 -7183
891 892 6489
892 893 -6439
893 894 -274
894 895 -19
895 896 -7407
896 897 -6739
897 898 -6010
898 899 2242
899 900 7449
900 901 8639
901 902 -8640
902 903 -3877
903 904 8571
904 905 -8099
905 906 2646
906 907 2780
907 908 5342
908 909 -8158
909 910 3762
910 911 407
911 912 -3824
912 913 6060
913 914 7042
914 915 -5364
915 916 -4875
916 917 -6477
917 918 -9906
918 919 -9278
919 920 -4326
920 921 -6420
921 922 -5318
922 923 -8777
923 924 -7290
924 925 -2172
925 926 4210
926 927 2665
927 928 -184
928 929 -6240
929 930 -7351
930 931 6550
931 932 -2408
932 933 7516
933 934 -2018
934 935 671
935 936 -2512
936 937 4206
937 938 18
938 939 1611
939 940 9362
940 941 -8470
941 942 -9575
942 943 4630
943 944 785
944 945 381
945 946 -2052
946 947 -5024
947 948 -2920
948 949 -9800
949 950 -8716
950 951 -6513
951 952 -9337
952 953 9642
953 954 -6517
954 955 295
955 956 -158
956 957 -6600
957 958 -7864
958 959 -1731
959 960 -1791
960 961 -1008
961 962 6711
962 963 1892
963 964 1300
964 965 1306
965 966 -9133
966 967 -5121
967 968 6025
968 969 -4568
969 970 7021
970 971 5043
971 972 249
972 973 -1187
973 974 -4712
974 975 -4275
975 976 -1133
976 977 5839
977 978 6828
978 979 5016
979 980 -4850
980 981 1512
981 982 -7517
982 983 -1917
983 984 2893
984 985 376
985 986 7232
986 987 -8829
987 988 -5361
988 989 -3572
989 990 -8031
990 991 8118
991 992 714
992 993 2207
993 994 4951
994 995 1592
995 996 -4081
996 997 5543
997 998 9816
998 999 6619
999 1000 3592
1000 1001 4683
1001 1002 6286
1002 1003 -9612
1003 1004 7620
1004 1005 -3358
1005 1006 9830
1006 1007 -1824
1007 1008 -5037
1008 1009 -6516
1009 1010 -2502
1010 1011 2168
1011 1012 6675
1012 1013 3523
1013 1014 -7263
1014 1015 2926
1015 1016 8200
1016 1017 5044
1017 1018 -6026
1018 1019 7674
1019 1020 -5294
1020 1021 4315
1021 1022 -2770
1022 1023 8579
1023 1024 4853
1024 1025 -6889
1025 1026 -7921
1026 1027 -429
1027 1028 2580
1028 1029 -1340
1029 1030 8329
1030 1031 9588
1031 1032 1835
1032 1033 161
1033 1034 6903
1034 1035 -5803
1035 1036 -3651
1036 1037 6430
1037 1038 -1269
1038 1039 -1817
1039 1040 -2672
1040 1041 2828
1041 1042 -4818
1042 1043 9042
1043 1044 6121
1044 1045 5067
1045 1046 -4331
1046 1047 -6317
1047 1048 9032
1048 1049 -7059
1049 1050 -1513
1050 1051 -2203
1051 1052 -5245
1052 1053 -6505
1053 1054 1841
1054 1055 2309
1055 1056 4914
1056 1057 8738
1057 1058 -7729
1058 1059 -1710
1059 1060 3082
1060 1061 1631
1061 1062 2726
1062 1063 -4479
1063 1064 8811
1064 1065 -5308
1065 1066 -985
1066 1067 654
1067 1068 -5655
1068 1069 4471
1069 1070 2132
1070 1071 -6752
1071 1072 -3603
1072 1073 -196
1073 1074 -5977
1074 1075 -9244
1075 1076 -6609
1076 1077 1759
1077 1078 -8935
1078 1079 -4756
1079 1080 -5608
1080 1081 -862
1081 1082 4919
1082 1083 3580
1083 1084 3508
1084 1085 -2315
1085 1086 -5983
1086 1087 -2111
1087 1088 3496
1088 1089 8089
1089 1090 -9369
1090 1091 -3946
1091 1092 1038
1092 1093 -8318
1093 1094 -9362
1094 1095 -5221
1095 1096 7082
1096 1097 -4416
1097 1098 -2824
1098 1099 -5143
1099 1100 -3994
1100 1101 -2748
1101 1102 -2128
1102 1103 17
1103 1104 2901
1104 1105 -9434
1105 1106 9629
1106 1107 4508
1107 1108 3505
1108 1109 -3467
1109 1110 -3264
1110 1111 3748
1111 1112 -3964
1112 1113 194
1113 1114 2029
1114 1115 -1445
1115 1116 2678
1116 1117 -2901
1117 1118 -8462
1118 1119 -4699
1119 1120 -6382
1120 1121 6482
1121 1122 -63
1122 1123 5177
1123 1124 -1322
1124 1125 -3052
1125 1126 8996
1126 1127 7901
1127 1128 -6401
1128 1129 1503
1129 1130 856
1130 1131 5023
1131 1132 -4121
1132 1133 -4478
1133 1134 -9471
1134 1135 7723
1135 1136 -6723
1136 1137 -3270
1137 1138 -7677
1138 1139 -4566
1139 1140 8999
1140 1141 8385
1141 1142 -9534
1142 1143 -5551
1143 1144 -5768
1144 1145 -1481
1145 1146 -4961
1146 1147 -3627
1147 1148 -6893
1148 1149 7198
1149 1150 5461
1150 1151 -3670
1151 1152 -5131
1152 1153 -5604
1153 1154 -5700
1154 1155 694
1155 1156 -2994
1156 1157 4689
1157 1158 -6588
1158 1159 3648
1159 1160 -7700
1160 1161 3372
1161 1162 9002
1162 1163 -6268
1163 1164 -2073
1164 1165 7017
1165 1166 3602
1166 1167 759
1167 1168 -352
1168 1169 -1116
1169 1170 -7469
1170 1171 152
1171 1172 -5433
1172 1173 9887
1173 1174 -100
1174 1175 -4933
1175 1176 -4671
1176 1177 5144
1177 1178 8132
1178 1179 9885
1179 1180 -8556
1180 1181 -200
1181 1182 3958
1182 1183 2941
1183 1184 3403
1184 1185 -499
1185 1186 6690
1186 1187 7905
1187 1188 2248
1188 1189 -7917
1189 1190 -7667
1190 1191 8133
1191 1192 -9490
1192 1193 2818
1193 1194 1954
1194 1195 -7089
1195 1196 -1163
1196 1197 3131
1197 1198 -4898
1198 1199 -3886
1199 1200 1354
1200 1201 -7458
1201 1202 -9594
1202 1203 -9288
1203 1204 -6545
1204 1205 8238
1205 1206 -9262
1206 1207 6592
1207 1208 -2670
1208 1209 5359
1209 1210 -7726
1210 1211 6830
1211 1212 5144
1212 1213 6609
1213 1214 64
1214 1215 5561
1215 1216 -1280
1216 1217 -5679
1217 1218 4443
1218 1219 6219
1219 1220 3639
1220 1221 -3395
1221 1222 6511
1222 1223 -4089
1223 1224 8780
1224 1225 9533
1225 1226 8154
1226 1227 8209
1227 1228 2212
1228 1229 -1710
1229 1230 -1578
1230 1231 -8194
1231 1232 2852
1232 1233 -4233
1233 1234 1505
1234 1235 2313
1235 1236 -9446
1236 1237 -8059
1237 1238 6460
1238 1239 9939
1239 1240 3963
1240 1241 9106
1241 1242 9611
1242 1243 5511
1243 1244 5223
1244 1245 -1597
1245 1246 9149
1246 1247 6941
1247 1248 -2898
1248 1249 -1176
1249 1250 4738
1250 1251 -6465
1251 1252 1903
1252 1253 -1693
1253 1254 -8969
1254 1255 -1347
1255 1256 -4
1256 1257 -3244
1257 1258 1695
1258 1259 -5826
1259 1260 -9157
1260 1261 -7602
1261 1262 1385
1262 1263 -6193
1263 1264 2129
1264 1265 -1228
1265 1266 430
1266 1267 4290
1267 1268 -7023
1268 1269 -4711
1269 1270 864
1270 1271 -1156
1271 1272 6276
1272 1273 1183
1273 1274 -9987
1274 1275 7349
1275 1276 -9469
1276 1277 -7356
1277 1278 6176
1278 1279 7253
1279 1280 9687
1280 1281 -8181
1281 1282 -2922
1282 1283 8934
1283 1284 6783
1284 1285 -711
1285 1286 -9862
1286 1287 -9086
1287 1288 -862
1288 1289 8297
1289 1290 -6137
1290 1291 7842
1291 1292 2644
1292 1293 -1499
1293 1294 5095
1294 1295 6518
1295 1296 6685
1296 1297 -4475
1297 1298 -4785
1298 1299 -2064
1299 1300 1781
1300 1301 3423
1301 1302 8022
1302 1303 -3963
1303 1304 1986
1304 1305 -253
1305 1306 7597
1306 1307 3127
1307 1308 -6525
1308 1309 -2990
1309 1310 -5048
1310 1311 1643
1311 1312 -1522
1312 1313 5320
1313 1314 5503
1314 1315 -1664
1315 1316 -6170
1316 1317 5108
1317 1318 5198
1318 1319 2496
1319 1320 -859
1320 1321 -7841
1321 1322 -1872
1322 1323 -375
1323 1324 1209
1324 1325 -3753
1325 1326 9497
1326 1327 -3330
1327 1328 -2885
1328 1329 -2580
1329 1330 3160
1330 1331 -5518
1331 1332 6645
1332 1333 7125
1333 1334 8494
1334 1335 7814
1335 1336 -4067
1336 1337 -6736
1337 1338 2798
1338 1339 6604
1339 1340 1323
1340 1341 -7172
1341 1342 -2657
1342 1343 4773
1343 1344 9847
1344 1345 3022
1345 1346 -8668
1346 1347 -3302
1347 1348 1509
1348 1349 -952
1349 1350 -8039
1350 1351 -9551
1351 1352 8022
1352 1353 -4344
1353 1354 664
1354 1355 -5978
1355 1356 -519
1356 1357 5277
1357 1358 4241
1358 1359 7904
1359 1360 1249
1360 1361 -3573
1361 1362 668
1362 1363 9297
1363 1364 -3760
1364 1365 3591
1365 1366 8080
1366 1367 -1895
1367 1368 8396
1368 1369 -372
1369 1370 7610
1370 1371 6628
1371 1372 2405
1372 1373 1687
1373 1374 -3572
1374 1375 3754
1375 1376 1423
1376 1377 -9791
1377 1378 -5272
1378 1379 7381
1379 1380 3853
1380 1381 4474
1381 1382 -6058
1382 1383 -8054
1383 1384 -4847
1384 1385 -743
1385 1386 -6032
1386 1387 -9752
1387 1388 -5685
1388 1389 751
1389 1390 8344
1390 1391 3703
1391 1392 -5458
1392 1393 3145
1393 1394 -879
1394 1395 2358
1395 1396 -8814
1396 1397 -3545
1397 1398 -3505
1398 1399 -5230
1399 1400 -1397
1400 1401 7498
1401 1402 -4177
1402 1403 2611
1403 1404 -4725
1404 1405 6849
1405 1406 -5459
1406 1407 -5219
1407 1408 -8915
1408 1409 -9620
1409 1410 34
1410 1411 -6078
1411 1412 1537
1412 1413 -6355
1413 1414 8026
1414 1415 -8661
1415 1416 -1757
1416 1417 -3630
1417 1418 -5043
1418 1419 -7974
1419 1420 -4206
1420 1421 7663
1421 1422 -8646
1422 1423 3075
1423 1424 4742
1424 1425 8009
1425 1426 1400
1426 1427 -673
1427 1428 -2021
1428 1429 3394
1429 1430 2051
1430 1431 1908
1431 1432 -1197
1432 1433 8324
1433 1434 1574
1434 1435 -9609
1435 1436 6197
1436 1437 1461
1437 1438 -8251
1438 1439 4108
1439 1440 -6796
1440 1441 7926
1441 1442 1010
1442 1443 9193
1443 1444 -7651
1444 1445 -2975
1445 1446 -9898
1446 1447 5426
1447 1448 5702
1448 1449 7155
1449 1450 6585
1450 1451 -3864
1451 1452 4219
1452 1453 2762
1453 1454 1536
1454 1455 8102
1455 1456 2093
1456 1457 -4384
1457 1458 9692
1458 1459 -6250
1459 1460 7686
1460 1461 5236
1461 1462 9552
1462 1463 -562
1463 1464 687
1464 1465 2121
1465 1466 5468
1466 1467 -2713
1467 1468 6776
1468 1469 5742
1469 1470 2004
1470 1471 -8661
1471 1472 9806
1472 1473 -4522
1473 1474 4025
1474 1475 8381
1475 1476 9754
1476 1477 9303
1477 1478 7482
1478 1479 -2740
1479 1480 -2783
1480 1481 7583
1481 1482 7863
1482 1483 -4682
1483 1484 507
1484 1485 -1916
1485 1486 4345
1486 1487 -2451
1487 1488 5942
1488 1489 -214
1489 1490 7308
1490 1491 -1897
1491 1492 -7103
1492 1493 -9456
1493 1494 -3612
1494 1495 -5884
1495 1496 183
1496 1497 -8743
1497 1498 8328
1498 1499 3482
1499 1500 -158
1500 1501 -7680
1501 1502 2161
1502 1503 -3148
1503 1504 -8763
1504 1505 -7520
1505 1506 7291
1506 1507 4345
1507 1508 -5875
1508 1509 -7460
1509 1510 7178
1510 1511 -5295
1511 1512 -2403
1512 1513 -9780
1513 1514 -9303
1514 1515 603
1515 1516 7374
1516 1517 163
1517 1518 -976
1518 1519 -8390
1519 1520 1673
1520 1521 7272
1521 1522 -5268
1522 1523 -493
1523 1524 8070
1524 1525 -2660
1525 1526 8248
1526 1527 -2808
1527 1528 563
1528 1529 9798
1529 1530 1719
1530 1531 201
1531 1532 -5653
1532 1533 -3247
1533 1534 7442
1534 1535 8806
1535 1536 7806
1536 1537 -6199
1537 1538 9335
1538 1539 9755
1539 1540 -5279
1540 1541 -208
1541 1542 -4964
1542 1543 9724
1543 1544 1360
1544 1545 9308
1545 1546 -9199
1546 1547 2694
1547 1548 -4111
1548 1549 6234
1549 1550 9762
1550 1551 5514
1551 1552 -6254
1552 1553 -7803
1553 1554 9022
1554 1555 3532
1555 1556 3359
1556 1557 2677
1557 1558 7362
1558 1559 2212
1559 1560 9934
1560 1561 910
1561 1562 2660
1562 1563 9644
1563 1564 2202
1564 1565 7177
1565 1566 936
1566 1567 5366
1567 1568 -3202
1568 1569 1984
1569 1570 5637
1570 1571 8751
1571 1572 2829
1572 1573 -1721
1573 1574 -3896
1574 1575 9353
1575 1576 624
1576 1577 -9533
1577 1578 -5839
1578 1579 -2393
1579 1580 -7649
1580 1581 106
1581 1582 2986
1582 1583 5099
1583 1584 -5625
1584 1585 7096
1585 1586 5125
1586 1587 -4386
1587 1588 6224
1588 1589 -2690
1589 1590 4445
1590 1591 2152
1591 1592 -4363
1592 1593 5748
1593 1594 298
1594 1595 -8895
1595 1596 -5694
1596 1597 7633
1597 1598 -4263
1598 1599 -1843
1599 1600 4255
1600 1601 -6413
1601 1602 9738
1602 1603 -6738
1603 1604 6585
1604 1605 -6931
1605 1606 -1609
1606 1607 8582
1607 1608 3566
1608 1609 -349
1609 1610 90
1610 1611 9034
1611 1612 -2160
1612 1613 -4600
1613 1614 8359
1614 1615 -2304
1615 1616 394
1616 1617 -6182
1617 1618 1427
1618 1619 -2621
1619 1620 691
1620 1621 9517
1621 1622 -3809
1622 1623 4474
1623 1624 -9476
1624 1625 6762
1625 1626 561
1626 1627 948
1627 1628 -328
1628 1629 -6402
1629 1630 9233
1630 1631 -1252
1631 1632 2793
1632 1633 -5632
1633 1634 4220
1634 1635 7353
1635 1636 -5012
1636 1637 -4291
1637 1638 1795
1638 1639 -8851
1639 1640 -6978
1640 1641 5860
1641 1642 -3111
1642 1643 -4056
1643 1644 -4830
1644 1645 9463
1645 1646 9969
1646 1647 -4922
1647 1648 922
1648 1649 -8764
1649 1650 3090
1650 1651 -2163
1651 1652 -6444
1652 1653 -6657
1653 1654 -1171
1654 1655 -9626
1655 1656 6207
1656 1657 4427
1657 1658 5065
1658 1659 1329
1659 1660 6890
1660 1661 3750
1661 1662 -4973
1662 1663 -159
1663 1664 4998
1664 1665 -1595
1665 1666 -5784
1666 1667 3335
1667 1668 -7867
1668 1669 834
1669 1670 8708
1670 1671 4799
1671 1672 -7541
1672 1673 8493
1673 1674 4384
1674 1675 8876
1675 1676 1606
1676 1677 5111
1677 1678 8173
1678 1679 1500
1679 1680 8617
1680 1681 1155
1681 1682 -550
1682 1683 -6479
1683 1684 -7027
1684 1685 2695
1685 1686 -6097
1686 1687 7871
1687 1688 6691
1688 1689 -2142
1689 1690 -9522
1690 1691 6618
1691 1692 2821
1692 1693 1254
1693 1694 2177
1694 1695 -3504
1695 1696 -405
1696 1697 -5520
1697 1698 8396
1698 1699 8639
1699 1700 -625
1700 1701 8949
1701 1702 3330
1702 1703 -2993
1703 1704 -7321
1704 1705 -6140
1705 1706 -8582
1706 1707 2307
1707 1708 20
1708 1709 2999
1709 1710 3931
1710 1711 1379
1711 1712 4052
1712 1713 -7806
1713 1714 -8527
1714 1715 4765
1715 1716 6075
1716 1717 -9059
1717 1718 6011
1718 1719 -1982
1719 1720 -5404
1720 1721 8089
1721 1722 -6828
1722 1723 1318
1723 1724 -9380
1724 1725 7454
1725 1726 4944
1726 1727 3871
1727 1728 -2031
1728 1729 -18
1729 1730 -9642
1730 1731 -1653
1731 1732 6748
1732 1733 6531
1733 1734 4549
1734 1735 2173
1735 1736 -525
1736 1737 4751
1737 1738 701
1738 1739 -3732
1739 1740 2452
1740 1741 -1478
1741 1742 -698
1742 1743 -720
1743 1744 -2411
1744 1745 7199
1745 1746 1961
1746 1747 -293
1747 1748 8090
1748 1749 8174
1749 1750 3273
1750 1751 -5792
1751 1752 -6780
1752 1753 -5151
1753 1754 2036
1754 1755 -8949
1755 1756 -3367
1756 1757 6290
1757 1758 -7699
1758 1759 6601
1759 1760 -3070
1760 1761 9737
1761 1762 8984
1762 1763 -2437
1763 1764 3784
1764 1765 7765
1765 1766 -6011
1766 1767 -7130
1767 1768 4729
1768 1769 9967
1769 1770 -588
1770 1771 -8412
1771 1772 8627
1772 1773 2564
1773 1774 4993
1774 1775 -3937
1775 1776 5208
1776 1777 4132
1777 1778 3226
1778 1779 4052
1779 1780 6981
1780 1781 -6541
1781 1782 8311
1782 1783 -7524
1783 1784 -4254
1784 1785 -3539
1785 1786 -4949
1786 1787 -9905
1787 1788 -1561
1788 1789 -8629
1789 1790 -9782
1790 1791 -3508
1791 1792 8672
1792 1793 -3946
1793 1794 -7256
1794 1795 2291
1795 1796 8545
1796 1797 1642
1797 1798 -9065
1798 1799 3966
1799 1800 -74
1800 1801 3088
1801 1802 3223
1802 1803 9435
1803 1804 -9356
1804 1805 -3209
1805 1806 6276
1806 1807 -4657
1807 1808 -5627
1808 1809 -3879
1809 1810 2950
1810 1811 -7994
1811 1812 -9745
1812 1813 -8443
1813 1814 -813
1814 1815 1986
1815 1816 1390
1816 1817 6799
1817 1818 -8369
1818 1819 -1294
1819 1820 7477
1820 1821 9288
1821 1822 -6366
1822 1823 9275
1823 1824 4041
1824 1825 -5905
1825 1826 -7756
1826 1827 5153
1827 1828 7282
1828 1829 -3266
1829 1830 -7853
1830 1831 -9698
1831 1832 -6644
1832 1833 5742
1833 1834 8678
1834 1835 9965
1835 1836 8074
1836 1837 -9657
1837 1838 -2566
1838 1839 -3650
1839 1840 -5121
1840 1841 -2294
1841 1842 3336
1842 1843 2702
1843 1844 3718
1844 1845 -455
1845 1846 -1213
1846 1847 9430
1847 1848 -2242
1848 1849 984
1849 1850 -4359
1850 1851 -9482
1851 1852 -2255
1852 1853 -5480
1853 1854 4869
1854 1855 -1471
1855 1856 -2800
1856 1857 4976
1857 1858 1631
1858 1859 -9739
1859 1860 -5546
1860 1861 7938
1861 1862 -8173
1862 1863 -4381
1863 1864 5217
1864 1865 -8050
1865 1866 -2158
1866 1867 31
1867 1868 -2844
1868 1869 -4012
1869 1870 3665
1870 1871 2350
1871 1872 8783
1872 1873 -279
1873 1874 -2116
1874 1875 8770
1875 1876 -7735
1876 1877 2676
1877 1878 -1589
1878 1879 4516
1879 1880 -5224
1880 1881 -4696
1881 1882 6711
1882 1883 885
1883 1884 2380
1884 1885 -4894
1885 1886 5540
1886 1887 -5597
1887 1888 2819
1888 1889 4541
1889 1890 -9884
1890 1891 5718
1891 1892 -2202
1892 1893 -7929
1893 1894 496
1894 1895 5692
1895 1896 -6487
1896 1897 -847
1897 1898 4990
1898 1899 9010
1899 1900 -1407
1900 1901 -6334
1901 1902 4005
1902 1903 -4122
1903 1904 -8871
1904 1905 2003
1905 1906 9389
1906 1907 4275
1907 1908 -6212
1908 1909 5544
1909 1910 4730
1910 1911 3117
1911 1912 -1963
1912 1913 -2301
1913 1914 -5352
1914 1915 6413
1915 1916 -6014
1916 1917 -374
1917 1918 -4838
1918 1919 -7505
1919 1920 -6302
1920 1921 -7215
1921 1922 -6440
1922 1923 2063
1923 1924 -1878
1924 1925 863
1925 1926 -3850
1926 1927 -5131
1927 1928 5523
1928 1929 -9734
1929 1930 -255
1930 1931 -4173
1931 1932 2042
1932 1933 -5049
1933 1934 7873
1934 1935 -2251
1935 1936 -2392
1936 1937 -3260
1937 1938 9274
1938 1939 4438
1939 1940 -4630
1940 1941 -261
1941 1942 2496
1942 1943 -2516
1943 1944 6098
1944 1945 2330
1945 1946 -5427
1946 1947 -9578
1947 1948 7200
1948 1949 -8706
1949 1950 9606
1950 1951 933
1951 1952 2919
1952 1953 608
1953 1954 -4573
1954 1955 -3851
1955 1956 -3170
1956 1957 6770
1957 1958 6804
1958 1959 8165
1959 1960 8116
1960 1961 -4623
1961 1962 -2481
1962 1963 -8772
1963 1964 -5441
1964 1965 3632
1965 1966 -2211
1966 1967 -5323
1967 1968 8886
1968 1969 2278
1969 1970 -3280
1970 1971 -6520
1971 1972 -2746
1972 1973 -1590
1973 1974 -1170
1974 1975 -8839
1975 1976 -4102
1976 1977 -4103
1977 1978 -3916
1978 1979 -6518
1979 1980 2676
1980 1981 1917
1981 1982 -4049
1982 1983 2876
1983 1984 2789
1984 1985 -1002
1985 1986 -5276
1986 1987 -231
1987 1988 5330
1988 1989 286
1989 1990 3315
1990 1991 4309
1991 1992 4
1992 1993 5393
1993 1994 -9437
1994 1995 -4111
1995 1996 -437
1996 1997 -7849
1997 1998 9259
1998 1999 -365
1999 2000 -1598
2 795 -4861
4 1662 828
7 875 -8851
11 1528 -9059
18 340 2564
19 1671 7213
23 833 7606
30 1760 -8095
36 336 -7356
45 1573 875
48 1283 -3541
52 581 -6601
53 768 7514
56 1833 7981
60 16 5314
61 624 -7320
62 1260 -3019
64 1243 8669
68 417 -5628
70 327 5720
71 1559 -8139
72 443 -3473
73 1451 1599
76 237 -6690
80 1962 8052
82 312 6044
83 254 6390
85 470 3376
91 1714 4335
93 206 -1725
94 1958 -1241
99 921 -4620
102 696 -9718
106 1773 -8527
109 908 1502
110 180 -1346
112 955 8347
120 1855 -4494
122 347 -8099
134 998 2171
138 873 -3769
141 198 3499
144 632 -159
147 1591 -8980
148 1968 1820
149 597 3594
151 369 -6934
152 1299 -4181
153 304 -4858
154 369 -8870
155 1779 8755
157 1474 2522
158 470 -3877
160 1940 3306
163 872 -646
166 337 6117
168 1714 922
169 1082 -2090
173 93 -1308
179 67 -6148
182 1957 -8687
186 1961 -4405
189 1704 5594
194 1647 6963
197 1854 -6440
202 1721 -5045
203 15 -1082
204 65 -921
207 769 -2266
208 842 -3384
211 945 -5236
215 1793 3473
222 1152 -8471
226 1260 -5691
227 1119 -2377
230 749 5620
239 1422 -6541
241 371 9301
242 916 -1024
243 590 2299
252 1830 -2298
257 984 -8297
258 465 3252
263 1756 3539
266 188 -3682
268 581 -5790
272 61 -5529
274 1145 -7759
275 1764 5323
276 87 5193
282 1735 5831
284 451 2742
290 488 -1321
292 1792 -2867
293 1409 -8949
296 1822 -2176
300 231 4518
302 1680 -2725
306 1444 -6206
307 454 5580
311 1672 3460
315 1813 149
317 977 5930
321 893 -806
323 1966 533
326 193 -1281
327 1678 2908
328 1370 -9773
332 243 5955
335 1963 -2367
339 325 -5864
343 1315 5992
351 259 -222
355 1804 1817
358 1858 2894
360 1216 9312
362 223 1137
363 637 7947
366 862 -7120
367 1065 -2881
368 590 -5012
369 161 -9839
373 1609 -1890
375 1523 4302
380 565 5061
381 1273 -3501
384 1679 7168
389 1181 9393
391 1447 2019
392 173 9089
394 752 2680
395 650 -2866
405 160 -6243
407 1471 9937
410 1450 4718
417 885 -1205
424 1845 -6944
425 829 -3723
431 435 5152
432 130 -4529
437 1555 -8156
444 1754 797
445 312 9178
446 656 -5099
450 154 7477
452 1242 2583
455 32 1979
456 128 -3753
457 111 -2866
467 1244 9235
471 298 -6036
473 1392 9084
474 784 2595
476 556 -712
480 1131 5288
481 1473 -7010
484 1551 3584
486 109 -3627
487 1349 9169
488 309 4842
490 585 -4184
492 1479 -237
494 1518 1701
497 1059 5993
498 316 3431
500 171 -7346
501 1057 -3641
503 1575 6747
504 384 -7080
505 970 1251
506 872 -5433
508 1126 -3303
517 1374 -7667
519 1907 9244
520 457 -1256
522 1356 -7358
525 90 -9661
530 1969 -8680
533 71 7118
534 1319 3768
536 1259 449
542 1448 3308
545 289 -1974
550 1213 -5122
553 1633 2822
566 262 -5806
569 1552 -9909
570 164 1766
572 1504 -5014
573 1815 6056
575 1796 -9035
577 1340 -2966
581 1350 1904
582 1841 8697
583 231 -3205
584 325 -4628
587 1876 8023
591 457 9821
592 1168 -3226
595 897 5749
599 998 -5228
602 1669 1946
605 980 3037
606 1425 -2315
609 1058 -1029
617 1136 -3550
620 1990 3842
623 658 -3207
625 245 7059
626 765 -7047
636 696 -9815
637 1114 9968
642 661 22
646 20 -3515
650 998 -4130
651 880 2103
653 711 3398
658 472 39
660 1267 -7822
662 225 7284
663 1767 4631
666 769 9189
667 269 -794
673 772 -7690
677 1691 7108
678 789 -4391
679 1650 -9131
684 1002 -3628
685 1654 6247
688 1485 -9984
691 670 6563
699 1086 -6192
706 637 4152
708 1811 9354
710 990 7683
711 1993 597
713 1619 -934
715 1458 -8758
717 994 4515
720 1916 2477
721 1856 -2495
722 1636 -7197
726 239 4787
730 1949 5032
733 328 -9426
734 247 1089
740 677 -3857
741 212 7536
744 844 5549
745 636 -4810
747 198 7442
750 655 220
753 559 -4794
758 1189 350
760 1876 7035
761 1395 -541
762 1512 308
766 717 8892
772 1 6020
773 616 -9149
775 614 -2591
777 544 -1900
785 26 -5457
786 1478 6331
787 1969 4339
791 1671 -4660
794 1243 7884
796 668 7090
797 1607 -2642
798 1259 2582
802 732 -1621
804 1616 -6326
808 1474 8615
813 1478 5880
814 1930 -1666
818 560 -5287
823 242 -3874
824 586 5681
825 1253 -9341
827 1769 -8904
844 1185 7255
848 16 -3036
849 768 5728
852 626 5660
855 1379 -9681
858 1358 -2928
859 693 2475
866 121 6318
868 1654 7840
870 1312 -5743
876 1192 -3296
877 965 -6647
880 592 1856
881 1821 4327
882 187 5429
885 320 6524
893 1375 -124
894 798 -7129
895 55 4286
898 1852 3088
906 930 -3003
911 903 2479
915 1557 -9747
917 1351 -652
920 1503 -3336
923 1191 -9079
924 1958 -5143
925 472 -3190
930 858 8367
932 811 8632
937 1115 4712
939 747 -3338
942 908 -3785
944 679 -1713
945 587 -6437
947 1220 9795
948 1629 -7494
949 179 8831
952 1722 4068
953 1657 4702
957 1225 -2905
958 820 -1058
963 1211 9081
966 1751 -539
967 20 7906
969 1749 -4243
970 1185 -5443
972 445 -2659
974 1982 -1185
976 1299 -3165
977 1647 7576
978 1149 -2845
980 455 4788
982 1990 1354
983 1381 402
984 1204 -1276
986 449 6473
987 1271 5527
988 1235 -9753
992 205 -3308
993 717 2948
994 152 -7297
996 224 -7516
997 555 8044
998 1908 2805
1001 652 9343
1006 1559 -8299
1013 1660 6866
1018 1599 -272
1021 402 4759
1022 1907 -3385
1023 14 -9932
1024 667 4201
1027 1750 6798
1030 206 7050
1032 1382 2299
1036 1551 3482
1037 1948 6726
1039 408 -1542
1050 382 3601
1056 984 -8237
1058 852 -2347
1062 1466 -4053
1063 726 -308
1065 10 6718
1068 1337 -8083
1069 1575 325
1076 643 3622
1082 1027 -3528
1086 993 -5880
1087 1506 -9049
1089 1892 2527
1091 1545 1603
1101 488 1933
1104 1343 8070
1105 1168 5219
1106 1348 -3920
1108 739 -4896
1109 154 8198
1110 1267 -9902
1113 825 -2584
1114 1924 2197
1115 1740 6309
1118 1604 3243
1121 773 7305
1123 1371 9196
1127 109 475
1132 1477 849
1134 1438 9404
1137 1397 -7639
1141 1287 270
1145 1014 9802
1149 93 -4369
1151 67 2923
1153 89 5114
1158 334 -6428
1161 452 -5448
1162 127 -5160
1164 449 3145
1166 1424 -1965
1167 755 -1142
1177 1799 1953
1186 472 -6403
1191 100 -9622
1205 1989 -3795
1206 1549 -6657
1207 1629 3927
1213 131 -4355
1214 1320 -7373
1215 1330 1906
1220 1688 -5436
1223 183 -947
1224 1616 4529
1227 63 5131
1230 980 -1046
1234 310 -5558
1236 920 6338
1240 328 -2813
1241 762 -2493
1243 840 -5111
1245 1334 1005
1249 423 -4142
1251 907 2963
1260 37 -7395
1261 47 -798
1263 1460 4163
1265 1051 -3994
1266 1570 -9175
1268 1963 -4978
1271 1067 -7170
1278 1171 -7486
1281 826 3626
1285 1342 7956
1287 879 7227
1293 1916 -3180
1294 1369 4648
1296 329 820
1303 1039 -6232
1306 1836 -530
1307 1389 9462
1308 1585 -4762
1309 1528 -9980
1312 1133 -146
1315 1373 1783
1317 80 -3769
1319 1935 1249
1320 1440 -9257
1322 922 -8107
1325 1751 -8954
1326 897 6728
1327 811 5137
1332 1161 -5790
1341 869 -6986
1347 656 7761
1349 1911 3440
1353 748 -9514
1354 885 1036
1355 273 1508
1357 1210 -1397
1358 93 -2345
1359 397 8417
1360 1914 7592
1362 905 5416
1366 588 -3606
1367 1590 -1846
1368 1164 -1835
1369 315 8653
1377 1285 6294
1385 1955 7674
1387 1380 6868
1390 1520 9005
1398 742 4545
1401 1082 -5658
1403 1538 3778
1404 363 -1254
1406 1002 749
1410 1548 -4020
1411 1380 -5848
1413 1739 1722
1414 886 -5984
1419 1419 -1678
1424 1420 8344
1425 1880 3327
1426 346 -6952
1432 114 201
1444 183 -8780
1447 773 3146
1452 1355 1772
1461 455 -9184
1462 1660 2970
1463 1140 -7664
1469 1286 4490
1478 896 6049
1480 1140 3551
1484 493 9996
1485 66 -7986
1487 798 3168
1488 648 6460
1489 456 -5376
1492 1815 -1510
1494 1911 8283
1497 160 -9360
1499 84 -1271
1500 1471 5825
1507 1965 2122
1508 250 8495
1512 1579 -1455
1513 893 -4299
1514 1741 -3003
1518 1247 927
1522 1308 5613
1523 1296 -7771
1524 941 -6348
1529 1840 6514
1532 1839 -3314
1536 1016 5321
1540 117 3650
1546 1158 7143
1548 802 9242
1549 1670 1314
1550 1158 -552
1557 611 1849
1560 275 4144
1562 354 -4924
1563 1017 -7483
1565 847 483
1567 1954 -493
1568 1011 -4366
1570 735 6880
1571 430 7196
1572 889 5830
1574 94 -1286
1579 104 -2681
1582 1835 1327
1584 1214 7400
1585 137 8677
1586 1002 1882
1587 415 -9867
1590 1474 -2343
1593 96 -5655
1596 605 693
1598 1380 -5191
1602 1249 3120
1603 415 2048
1606 40 9114
1607 613 2415
1608 516 -9231
1610 1295 -1106
1611 1356 970
1612 468 -2274
1613 564 4458
1614 979 1318
1615 307 6805
1617 1206 -9865
1618 708 7365
1619 99 803
1624 948 1994
1631 262 -9644
1635 102 -1833
1638 1603 -3073
1639 785 6799
1647 488 -7288
1649 1867 5174
1651 423 6013
1652 45 528
1655 1507 3369
1661 73 6033
1671 1036 4678
1675 831 -7450
1676 1805 -7515
1678 25 122
1681 1663 3288
1686 715 -8865
1691 1335 3877
1695 74 9370
1698 1559 1800
1700 1462 -7805
1701 268 6820
1702 53 -6633
1703 764 6478
1705 269 -5058
1707 1853 7711
1708 554 1356
1709 448 -7980
1712 346 9019
1714 1135 7447
1716 752 3861
1719 1801 8053
1721 44 3993
1726 151 -1692
1728 474 5474
1732 1543 -4748
1733 1459 6548
1734 1105 7424
1739 244 -910
1742 1719 8988
1743 100 -7517
1744 1232 8231
1747 1394 -5261
1748 68 -7909
1750 676 -760
1752 211 394
1753 1422 5828
1754 240 -5341
1756 57 1158
1758 1680 9324
1761 968 1458
1763 1305 -6673
1764 366 4564
1766 1236 5340
1768 540 -6314
1771 1202 5793
1776 1131 -7766
1778 1021 8055
1779 1765 3725
1780 221 -4326
1781 1171 -6520
1782 1980 6675
1787 1342 -9765
1790 1276 6348
1795 743 -2127
1800 281 -1740
1802 1917 -1671
1807 460 -5974
1815 1972 -1979
1819 1105 -844
1822 1858 5275
1826 885 7653
1828 557 9314
1830 1879 -2122
1831 532 -8165
1832 577 3846
1840 330 5832
1849 1141 -1048
1850 371 -7428
1857 410 -3492
1870 679 -9085
1871 1178 -4158
1872 1440 -6237
1874 535 -1146
1887 607 -9564
1891 50 -9420
1895 2 -6097
1899 660 3091
1905 1090 2036
1906 1832 -5233
1908 1565 8857
1910 1102 2513
1912 812 7967
1913 1127 -4207
1923 1690 -1279
1924 1489 -6894
1933 1922 -7746
1938 809 9437
1941 997 2126
1944 1120 8342
1950 824 9327
1951 1581 -8168
1953 1350 5405
1957 866 1376
1958 273 4499
1962 567 4254
1963 1663 1216
1965 529 -749
1966 638 -4446
1967 277 8630
1972 295 -499
1973 17 -5309
1974 1186 2950
1975 1296 8304
1977 831 800
1978 1334 -8283
1980 303 6336
1985 591 -3817
1986 54 -6630
1988 1691 -9496
1994 1646 1081
1997 1886 -6990
