4000 5340
1 2 -6677
2 3 -677
3 4 4899
4 5 7265
5 6 -8366
6 7 1270
7 8 -3017
8 9 -7752
9 10 7508
10 11 9769
11 12 -6866
12 13 1166
13 14 2312
14 15 5727
15 16 4064
16 17 -9617
17 18 7406
18 19 -2538
19 20 8021
20 21 6693
21 22 3438
22 23 6486
23 24 4478
24 25 -3550
25 26 8116
26 27 697
27 28 9889
28 29 -5881
29 30 6695
30 31 -3034
31 32 3855
32 33 264
33 34 9397
34 35 -215
35 36 -480
36 37 4641
37 38 5324
38 39 6279
39 40 2452
40 41 3932
41 42 6987
42 43 -2132
43 44 -8582
44 45 -7175
45 46 5533
46 47 -9335
47 48 7769
48 49 -1920
49 50 -8352
50 51 -9415
51 52 -7248
52 53 -6733
53 54 -4406
54 55 -4487
55 56 -3642
56 57 548
57 58 -415
58 59 2907
59 60 1583
60 61 5439
61 62 -8689
62 63 5797
63 64 -8581
64 65 -6520
65 66 8033
66 67 -6102
67 68 3990
68 69 -2227
69 70 8753
70 71 8481
71 72 5075
72 73 -606
73 74 -7593
74 75 6076
75 76 -9408
76 77 3827
77 78 -5378
78 79 -8491
79 80 3413
80 81 5272
81 82 1619
82 83 -5706
83 84 4961
84 85 -4446
85 86 8748
86 87 -155
87 88 -2339
88 89 -8240
89 90 1362
90 91 6809
91 92 -4153
92 93 -3060
93 94 -9591
94 95 -2210
95 96 3805
96 97 4592
97 98 7539
98 99 7839
99 100 -847
100 101 9457
101 102 -4126
102 103 4376
103 104 -7764
104 105 2103
105 106 -384
106 107 2826
107 108 703
108 109 9012
109 110 1598
110 111 331
111 112 5230
112 113 -7560
113 114 -9038
114 115 2102
115 116 8675
116 117 120
117 118 3492
118 119 1967
119 120 4390
120 121 7028
121 122 9558
122 123 -1712
123 124 6161
124 125 4145
125 126 -1812
126 127 4776
127 128 -1784
128 129 5674
129 130 8180
130 131 -6980
131 132 -9599
132 133 140
133 134 6451
134 135 3384
135 136 1559
136 137 -2337
137 138 6711
138 139 -7125
139 140 84
140 141 -5766
141 142 -6900
142 143 -5343
143 144 -5324
144 145 -6067
145 146 -9212
146 147 1220
147 148 6202
148 149 1761
149 150 -7730
150 151 -4326
151 152 -1903
152 153 -9588
153 154 711
154 155 6925
155 156 -649
156 157 -9554
157 158 -5996
158 159 -7533
159 160 -7315
160 161 2206
161 162 7505
162 163 4285
163 164 -5573
164 165 -3680
165 166 -7962
166 167 -3645
167 168 -6602
168 169 6188
169 170 6370
170 171 8662
171 172 -1703
172 173 -8076
173 174 9918
174 175 -1682
175 176 1737
176 177 -5684
177 178 -3683
178 179 -5273
179 180 -3564
180 181 -8798
181 182 9731
182 183 4585
183 184 1659
184 185 1041
185 186 8683
186 187 -5239
187 188 7741
188 189 -3372
189 190 9693
190 191 -4618
191 192 -6120
192 193 4819
193 194 7129
194 195 -9123
195 196 -4413
196 197 -3944
197 198 -7842
198 199 -1857
199 200 -9412
200 201 3803
201 202 -3435
202 203 -2690
203 204 6667
204 205 8327
205 206 -6086
206 207 1337
207 208 8721
208 209 5794
209 210 -4421
210 211 -4980
211 212 7012
212 213 6592
213 214 547
214 215 1145
215 216 3254
216 217 8561
217 218 -7059
218 219 7043
219 220 6974
220 221 -958
221 222 -9387
222 223 -2909
223 224 -2336
224 225 2559
225 226 5210
226 227 -1038
227 228 9192
228 229 6988
229 230 3077
230 231 -7115
231 232 -7531
232 233 6393
233 234 -2000
234 235 2387
235 236 -5975
236 237 3845
237 238 -7975
238 239 -4776
239 240 3219
240 241 -4055
241 242 -9784
242 243 -9801
243 244 1421
244 245 1335
245 246 -1124
246 247 8654
247 248 -7140
248 249 -6461
249 250 -7364
250 251 7351
251 252 5994
252 253 -9856
253 254 -9460
254 255 -6618
255 256 -1750
256 257 2215
257 258 9131
258 259 -550
259 260 -5610
260 261 3281
261 262 7872
262 263 -6795
263 264 5081
264 265 -5497
265 266 4986
266 267 -7467
267 268 -510
268 269 8569
269 270 -7569
270 271 5373
271 272 -9313
272 273 9144
273 274 -6347
274 275 -8753
275 276 -1167
276 277 -9215
277 278 7801
278 279 6331
279 280 2944
280 281 -2405
281 282 -8480
282 283 -9016
283 284 7724
284 285 -4509
285 286 -7180
286 287 -1427
287 288 9273
288 289 6865
289 290 1525
290 291 -7442
291 292 8847
292 293 -9414
293 294 639
294 295 -8316
295 296 -1137
296 297 -3794
297 298 -9848
298 299 -1241
299 300 6633
300 301 -3696
301 302 8257
302 303 9355
303 304 -4128
304 305 -7067
305 306 -1417
306 307 3572
307 308 -307
308 309 8129
309 310 -22
310 311 -2078
311 312 -4589
312 313 -8306
313 314 9072
314 315 7261
315 316 -1358
316 317 3276
317 318 -1226
318 319 -4255
319 320 6824
320 321 -4725
321 322 1366
322 323 4435
323 324 -4997
324 325 -9699
325 326 -2907
326 327 -7937
327 328 -6201
328 329 4733
329 330 -7005
330 331 615
331 332 -4380
332 333 3595
333 334 -4918
334 335 -1832
335 336 3017
336 337 8289
337 338 979
338 339 -9148
339 340 5354
340 341 -8100
341 342 6346
342 343 -3264
343 344 -4787
344 345 -178
345 346 -697
346 347 245
347 348 2092
348 349 7701
349 350 -6433
350 351 6805
351 352 9699
352 353 -7724
353 354 4990
354 355 70
355 356 -5601
356 357 3105
357 358 9258
358 359 -7144
359 360 4228
360 361 4368
361 362 -9812
362 363 4900
363 364 -1939
364 365 -501
365 366 -9576
366 367 -2336
367 368 2783
368 369 -2124
369 370 -911
370 371 6519
371 372 -8467
372 373 -7261
373 374 -8343
374 375 -6203
375 376 9811
376 377 8860
377 378 3634
378 379 -5213
379 380 -4017
380 381 1397
381 382 267
382 383 -7451
383 384 -4942
384 385 4626
385 386 -2173
386 387 -1721
387 388 -3247
388 389 -7758
389 390 1687
390 391 -4590
391 392 6877
392 393 9387
393 394 1682
394 395 -428
395 396 -601
396 397 768
397 398 -8308
398 399 -7749
399 400 -6399
400 401 -4419
401 402 -7191
402 403 -6516
403 404 -8201
404 405 6825
405 406 1748
406 407 -2943
407 408 6795
408 409 -2742
409 410 4497
410 411 89
411 412 -7760
412 413 -4176
413 414 -6285
414 415 -8201
415 416 8923
416 417 5774
417 418 -3217
418 419 8752
419 420 -9518
420 421 -1067
421 422 4576
422 423 -8786
423 424 -1134
424 425 6847
425 426 1709
426 427 -2978
427 428 -7534
428 429 -636
429 430 9178
430 431 1226
431 432 8264
432 433 4325
433 434 -7382
434 435 -9480
435 436 4312
436 437 7448
437 438 7209
438 439 3207
439 440 1810
440 441 9666
441 442 -9989
442 443 -5248
443 444 6755
444 445 4020
445 446 1872
446 447 -9997
447 448 -205
448 449 230
449 450 7458
450 451 -8721
451 452 7334
452 453 1976
453 454 2807
454 455 9364
455 456 -8093
456 457 5265
457 458 7570
458 459 -1515
459 460 1104
460 461 457
461 462 9102
462 463 1331
463 464 -21
464 465 3014
465 466 2628
466 467 8974
467 468 -7942
468 469 -7623
469 470 4801
470 471 -8760
471 472 6175
472 473 1922
473 474 -977
474 475 -2870
475 476 -3170
476 477 -1155
477 478 3886
478 479 6852
479 480 -8197
480 481 6090
481 482 905
482 483 -447
483 484 5887
484 485 -9131
485 486 6401
486 487 -1789
487 488 -6261
488 489 -2285
489 490 -5457
490 491 -6112
491 492 7090
492 493 -1574
493 494 5791
494 495 -3762
495 496 -9187
496 497 -23
497 498 6079
498 499 5487
499 500 3032
500 501 -7827
501 502 -189
502 503 -8479
503 504 -481
504 505 743
505 506 -8290
506 507 8213
507 508 -7105
508 509 9865
509 510 -1677
510 511 5474
511 512 -6482
512 513 -7966
513 514 -8259
514 515 6194
515 516 6581
516 517 -2215
517 518 9499
518 519 -9745
519 520 -9845
520 521 -5212
521 522 -6415
522 523 -2535
523 524 -6348
524 525 -7437
525 526 -7715
526 527 129
527 528 -3787
528 529 9002
529 530 2537
530 531 -7175
531 532 -7816
532 533 -1013
533 534 5042
534 535 1260
535 536 -7878
536 537 1949
537 538 -2855
538 539 -4490
539 540 2753
540 541 -5697
541 542 3312
542 543 -2383
543 544 -3377
544 545 7653
545 546 -9461
546 547 -8945
547 548 7065
548 549 -4310
549 550 2028
550 551 2807
551 552 6158
552 553 -6096
553 554 9547
554 555 5274
555 556 4036
556 557 6298
557 558 -5149
558 559 6879
559 560 2095
560 561 -8264
561 562 -6867
562 563 -6924
563 564 2316
564 565 5436
565 566 5410
566 567 2210
567 568 6763
568 569 4185
569 570 -8209
570 571 8863
571 572 497
572 573 6716
573 574 7161
574 575 -2415
575 576 -7410
576 577 -9988
577 578 4794
578 579 -456
579 580 3453
580 581 2532
581 582 2737
582 583 3513
583 584 -7712
584 585 8007
585 586 -6990
586 587 1420
587 588 7271
588 589 866
589 590 -398
590 591 7403
591 592 3818
592 593 7866
593 594 -4880
594 595 709
595 596 1658
596 597 8507
597 598 2486
598 599 -2878
599 600 1368
600 601 -2167
601 602 -6742
602 603 2491
603 604 5601
604 605 -2336
605 606 984
606 607 -6277
607 608 -2620
608 609 -56
609 610 -2
610 611 9368
611 612 -5851
612 613 -5517
613 614 7173
614 615 8897
615 616 3849
616 617 1874
617 618 5643
618 619 4333
619 620 9495
620 621 -7930
621 622 3516
622 623 -7653
623 624 7516
624 625 -8989
625 626 5677
626 627 4958
627 628 -8847
628 629 3190
629 630 2112
630 631 -9995
631 632 -7616
632 633 -6615
633 634 -8406
634 635 3630
635 636 -7837
636 637 45
637 638 -9770
638 639 -7923
639 640 9733
640 641 5947
641 642 1363
642 643 4464
643 644 7302
644 645 6665
645 646 6167
646 647 1591
647 648 -6457
648 649 9351
649 650 -546
650 651 3000
651 652 2117
652 653 -258
653 654 -4597
654 655 8454
655 656 -8258
656 657 6924
657 658 -9326
658 659 -7713
659 660 -8931
660 661 9091
661 662 -2806
662 663 7171
663 664 -2432
664 665 -194
665 666 -6262
666 667 -7575
667 668 -7370
668 669 8648
669 670 7581
670 671 4193
671 672 -1929
672 673 3646
673 674 9632
674 675 7734
675 676 -8317
676 677 -6513
677 678 6471
678 679 -7959
679 680 4930
680 681 -7270
681 682 1821
682 683 8856
683 684 8183
684 685 -5773
685 686 6927
686 687 -2671
687 688 6913
688 689 7773
689 690 4175
690 691 -5411
691 692 6064
692 693 -5050
693 694 -3010
694 695 -7489
695 696 7001
696 697 7797
697 698 -588
698 699 4486
699 700 -7254
700 701 -448
701 702 -4931
702 703 1707
703 704 -2271
704 705 -5646
705 706 1427
706 707 -3179
707 708 7174
708 709 -8001
709 710 -8343
710 711 336
711 712 -9372
712 713 870
713 714 -9693
714 715 1476
715 716 1034
716 717 5489
717 718 -2563
718 719 523
719 720 -6582
720 721 364
721 722 -5769
722 723 -5171
723 724 -224
724 725 2380
725 726 4503
726 727 976
727 728 5340
728 729 -2120
729 730 8508
730 731 -4360
731 732 -4340
732 733 8943
733 734 -1509
734 735 9431
735 736 3891
736 737 5231
737 738 -5350
738 739 9556
739 740 4808
740 741 -6655
741 742 9881
742 743 2974
743 744 -3962
744 745 5793
745 746 6757
746 747 -5229
747 748 9284
748 749 -3564
749 750 261
750 751 -4719
751 752 -1291
752 753 -8513
753 754 3794
754 755 7488
755 756 -2771
756 757 1310
757 758 4613
758 759 7412
759 760 8679
760 761 -2009
761 762 4357
762 763 -2203
763 764 -8725
764 765 -4788
765 766 4191
766 767 -8604
767 768 3189
768 769 5188
769 770 -9002
770 771 -9733
771 772 -2332
772 773 -7047
773 774 -5159
774 775 1507
775 776 -7627
776 777 1237
777 778 -2456
778 779 -7381
779 780 6996
780 781 3387
781 782 7595
782 783 2178
783 784 -8771
784 785 5101
785 786 6660
786 787 5554
787 788 -4087
788 789 -7088
789 790 6655
790 791 2329
791 792 2959
792 793 -5167
793 794 4918
794 795 -1158
795 796 2759
796 797 -3169
797 798 7316
798 799 -337
799 800 -7512
800 801 -7176
801 802 785
802 803 -7254
803 804 1199
804 805 -1996
805 806 -2749
806 807 -9132
807 808 -6628
808 809 -5712
809 810 6411
810 811 4049
811 812 5570
812 813 -5279
813 814 -5544
814 815 2380
815 816 7032
816 817 -9735
817 818 2580
818 819 -8531
819 820 9917
820 821 -2098
821 822 -8703
822 823 -2839
823 824 -8519
824 825 1131
825 826 6250
826 827 -7687
827 828 -4708
828 829 1614
829 830 9833
830 831 4952
831 832 2036
832 833 8536
833 834 5655
834 835 7681
835 836 -5138
836 837 -4989
837 838 -6386
838 839 -9827
839 840 -751
840 841 -900
841 842 -2228
842 843 5472
843 844 -9380
844 845 -5516
845 846 6139
846 847 9790
847 848 -5806
848 849 4265
849 850 -4613
850 851 -779
851 852 -9642
852 853 -4782
853 854 4285
854 855 -4957
855 856 9761
856 857 2082
857 858 -1359
858 859 -4000
859 860 9189
860 861 -5961
861 862 -1960
862 863 -4875
863 864 7090
864 865 161
865 866 -4941
866 867 -7465
867 868 -9418
868 869 -3880
869 870 -1222
870 871 9624
871 872 -8027
872 873 -3641
873 874 6285
874 875 -8530
875 876 6355
876 877 -4524
877 878 -389
878 879 -1226
879 880 1541
880 881 1533
881 882 7503
882 883 6214
883 884 -1053
884 885 -4583
885 886 7367
886 887 3647
887 888 4580
888 889 -821
889 890 -3383
890 891 7645
891 892 -4499
892 893 9998
893 894 6009
894 895 -6874
895 896 860
896 897 -2659
897 898 8785
898 899 6771
899 900 9018
900 901 6129
901 902 -9299
902 903 -8377
903 904 -5265
904 905 435
905 906 24
906 907 -5126
907 908 923
908 909 2562
909 910 -4359
910 911 -6377
911 912 4387
912 913 5732
913 914 8498
914 915 2697
915 916 -5272
916 917 -5853
917 918 2285
918 919 1771
919 920 -8399
920 921 9408
921 922 6945
922 923 -7004
923 924 -2339
924 925 -5607
925 926 -656
926 927 3863
927 928 -9408
928 929 8567
929 930 -4163
930 931 4489
931 932 7874
932 933 -7570
933 934 3225
934 935 2641
935 936 2069
936 937 -7382
937 938 403
938 939 6299
939 940 -2770
940 941 -2531
941 942 6312
942 943 -6504
943 944 5347
944 945 6504
945 946 2923
946 947 2309
947 948 -378
948 949 -1839
949 950 -6814
950 951 9194
951 952 -5732
952 953 -1614
953 954 1494
954 955 7121
955 956 734
956 957 -9170
957 958 -5572
958 959 4155
959 960 -6117
960 961 -6902
961 962 -6701
962 963 -5194
963 964 9116
964 965 -8084
965 966 -8015
966 967 8575
967 968 -6389
968 969 -8597
969 970 -5736
970 971 -7203
971 972 6623
972 973 4885
973 974 3386
974 975 -3947
975 976 8631
976 977 5990
977 978 1965
978 979 -4950
979 980 -8160
980 981 2264
981 982 -1896
982 983 7355
983 984 -1715
984 985 6728
985 986 -5706
986 987 5938
987 988 -3255
988 989 -7908
989 990 4469
990 991 -8693
991 992 -7071
992 993 -9635
993 994 9914
994 995 -8980
995 996 5030
996 997 -9500
997 998 9002
998 999 -1397
999 1000 -8574
1000 1001 -9912
1001 1002 5701
1002 1003 -4656
1003 1004 7776
1004 1005 330
1005 1006 -8479
1006 1007 5859
1007 1008 -5494
1008 1009 -9233
1009 1010 -1049
1010 1011 1989
1011 1012 9297
1012 1013 5069
1013 1014 -7819
1014 1015 2227
1015 1016 -2294
1016 1017 8988
1017 1018 -772
1018 1019 -1866
1019 1020 -4661
1020 1021 4584
1021 1022 -1726
1022 1023 1575
1023 1024 -3379
1024 1025 -6006
1025 1026 -9398
1026 1027 -5303
1027 1028 -4133
1028 1029 -9214
1029 1030 -8736
1030 1031 -69
1031 1032 -4055
1032 1033 8963
1033 1034 -6106
1034 1035 1258
1035 1036 -2191
1036 1037 -8028
1037 1038 -510
1038 1039 8916
1039 1040 -5648
1040 1041 2571
1041 1042 3969
1042 1043 5964
1043 1044 8629
1044 1045 1932
1045 1046 342
1046 1047 -4745
1047 1048 2822
1048 1049 -3092
1049 1050 -2997
1050 1051 -3148
1051 1052 -4895
1052 1053 -495
1053 1054 -7101
1054 1055 4070
1055 1056 -3055
1056 1057 7502
1057 1058 -9885
1058 1059 6910
1059 1060 6440
1060 1061 -5987
1061 1062 5359
1062 1063 5107
1063 1064 8876
1064 1065 -6759
1065 1066 6813
1066 1067 -2178
1067 1068 4273
1068 1069 84
1069 1070 -4064
1070 1071 4692
1071 1072 -9750
1072 1073 -7763
1073 1074 1780
1074 1075 -6469
1075 1076 9811
1076 1077 7274
1077 1078 -8817
1078 1079 6353
1079 1080 6245
1080 1081 -4246
1081 1082 6671
1082 1083 8471
1083 1084 3139
1084 1085 3231
1085 1086 -3192
1086 1087 -2308
1087 1088 -6813
1088 1089 1016
1089 1090 -3396
1090 1091 -3406
1091 1092 -1746
1092 1093 5269
1093 1094 -6894
1094 1095 209
1095 1096 -9763
1096 1097 5310
1097 1098 -8492
1098 1099 8335
1099 1100 -4755
1100 1101 6918
1101 1102 -8770
1102 1103 -9502
1103 1104 -9497
1104 1105 4195
1105 1106 -6604
1106 1107 -7506
1107 1108 -5241
1108 1109 -8108
1109 1110 -4736
1110 1111 -5699
1111 1112 -8548
1112 1113 -3528
1113 1114 -1971
1114 1115 6319
1115 1116 -5420
1116 1117 5510
1117 1118 -2394
1118 1119 2461
1119 1120 2431
1120 1121 -3831
1121 1122 2952
1122 1123 -5297
1123 1124 2530
1124 1125 3239
1125 1126 7275
1126 1127 -4297
1127 1128 9190
1128 1129 3994
1129 1130 -151
1130 1131 262
1131 1132 5354
1132 1133 4585
1133 1134 6944
1134 1135 2016
1135 1136 -7482
1136 1137 1501
1137 1138 -4433
1138 1139 -6751
1139 1140 -3204
1140 1141 -5929
1141 1142 -8452
1142 1143 -5077
1143 1144 -7708
1144 1145 4555
1145 1146 -7291
1146 1147 2009
1147 1148 3247
1148 1149 6102
1149 1150 3545
1150 1151 -3383
1151 1152 7231
1152 1153 9289
1153 1154 4020
1154 1155 5918
1155 1156 4160
1156 1157 -4035
1157 1158 2152
1158 1159 -6633
1159 1160 4359
1160 1161 7893
1161 1162 5191
1162 1163 -4779
1163 1164 -6970
1164 1165 -7204
1165 1166 -6751
1166 1167 7634
1167 1168 9239
1168 1169 5615
1169 1170 9912
1170 1171 7409
1171 1172 9810
1172 1173 4149
1173 1174 5645
1174 1175 -8277
1175 1176 -9452
1176 1177 -9696
1177 1178 -9853
1178 1179 -6191
1179 1180 7870
1180 1181 -4297
1181 1182 1036
1182 1183 4925
1183 1184 -6778
1184 1185 -6741
1185 1186 2103
1186 1187 -6371
1187 1188 -4190
1188 1189 3182
1189 1190 -5667
1190 1191 1512
1191 1192 9239
1192 1193 -125
1193 1194 3856
1194 1195 -5480
1195 1196 -2329
1196 1197 695
1197 1198 -7824
1198 1199 -4289
1199 1200 -6432
1200 1201 7671
1201 1202 5292
1202 1203 5310
1203 1204 5017
1204 1205 8424
1205 1206 7233
1206 1207 -937
1207 1208 -386
1208 1209 -9978
1209 1210 -5158
1210 1211 8242
1211 1212 5456
1212 1213 -2735
1213 1214 437
1214 1215 4562
1215 1216 6973
1216 1217 -1385
1217 1218 -4505
1218 1219 -9464
1219 1220 -8335
1220 1221 -8752
1221 1222 208
1222 1223 6666
1223 1224 -4008
1224 1225 -8798
1225 1226 8608
1226 1227 7257
1227 1228 6891
1228 1229 2364
1229 1230 -9059
1230 1231 -5452
1231 1232 847
1232 1233 2439
1233 1234 7032
1234 1235 7924
1235 1236 -46
1236 1237 3992
1237 1238 -5278
1238 1239 -8433
1239 1240 4101
1240 1241 -745
1241 1242 -4653
1242 1243 3215
1243 1244 5053
1244 1245 6316
1245 1246 -1786
1246 1247 -2704
1247 1248 5429
1248 1249 1755
1249 1250 549
1250 1251 9539
1251 1252 -3633
1252 1253 3456
1253 1254 -9249
1254 1255 -1435
1255 1256 -5592
1256 1257 -7205
1257 1258 -404
1258 1259 9794
1259 1260 -3270
1260 1261 -8229
1261 1262 3846
1262 1263 -6126
1263 1264 -2609
1264 1265 3605
1265 1266 -8089
1266 1267 1900
1267 1268 -6971
1268 1269 2848
1269 1270 5284
1270 1271 7481
1271 1272 -2687
1272 1273 4891
1273 1274 3526
1274 1275 -3488
1275 1276 -7074
1276 1277 -724
1277 1278 -7801
1278 1279 4724
1279 1280 -1882
1280 1281 -6075
1281 1282 4589
1282 1283 -1169
1283 1284 -6383
1284 1285 5134
1285 1286 4388
1286 1287 1319
1287 1288 -1897
1288 1289 -275
1289 1290 -6399
1290 1291 6564
1291 1292 443
1292 1293 4921
1293 1294 -987
1294 1295 7876
1295 1296 -624
1296 1297 8288
1297 1298 3128
1298 1299 -4864
1299 1300 4799
1300 1301 -7389
1301 1302 9310
1302 1303 -1922
1303 1304 6959
1304 1305 6805
1305 1306 3067
1306 1307 2890
1307 1308 -6277
1308 1309 7679
1309 1310 2812
1310 1311 -8768
1311 1312 3305
1312 1313 -4617
1313 1314 -3012
1314 1315 -8692
1315 1316 5757
1316 1317 -8011
1317 1318 4271
1318 1319 -1294
1319 1320 1063
1320 1321 -4099
1321 1322 9113
1322 1323 -2363
1323 1324 -2597
1324 1325 -9367
1325 1326 7123
1326 1327 282
1327 1328 -4930
1328 1329 465
1329 1330 -1494
1330 1331 7304
1331 1332 -861
1332 1333 -9342
1333 1334 3546
1334 1335 -5500
1335 1336 -1508
1336 1337 -3035
1337 1338 -8493
1338 1339 -8020
1339 1340 -9655
1340 1341 -1667
1341 1342 3849
1342 1343 783
1343 1344 -2635
1344 1345 1708
1345 1346 6817
1346 1347 -230
1347 1348 -4127
1348 1349 -7235
1349 1350 -4506
1350 1351 926
1351 1352 3495
1352 1353 -9322
1353 1354 -9597
1354 1355 -7352
1355 1356 1790
1356 1357 -5118
1357 1358 -4732
1358 1359 -541
1359 1360 -8203
1360 1361 -8218
1361 1362 -7132
1362 1363 7227
1363 1364 1636
1364 1365 544
1365 1366 -2420
1366 1367 8052
1367 1368 -9280
1368 1369 -7711
1369 1370 -7390
1370 1371 2041
1371 1372 -4988
1372 1373 1962
1373 1374 -6637
1374 1375 -4676
1375 1376 -4677
1376 1377 950
1377 1378 -4005
1378 1379 -6760
1379 1380 -4806
1380 1381 -3198
1381 1382 7916
1382 1383 7455
1383 1384 8660
1384 1385 -9471
1385 1386 2110
1386 1387 3135
1387 1388 1553
1388 1389 5315
1389 1390 1957
1390 1391 6650
1391 1392 -1750
1392 1393 -4171
1393 1394 -6626
1394 1395 -6615
1395 1396 -3468
1396 1397 -4673
1397 1398 -3842
1398 1399 7109
1399 1400 -6214
1400 1401 -5770
1401 1402 -5983
1402 1403 4825
1403 1404 -9991
1404 1405 -8548
1405 1406 -5135
1406 1407 -4962
1407 1408 -7911
1408 1409 4995
1409 1410 -8297
1410 1411 -5976
1411 1412 56
1412 1413 4884
1413 1414 1757
1414 1415 -8368
1415 1416 -8270
1416 1417 9482
1417 1418 96
1418 1419 -3420
1419 1420 -2092
1420 1421 4398
1421 1422 -5624
1422 1423 4033
1423 1424 -9567
1424 1425 4
1425 1426 -2994
1426 1427 2357
1427 1428 2268
1428 1429 7220
1429 1430 -3743
1430 1431 -4195
1431 1432 2742
1432 1433 9355
1433 1434 8179
1434 1435 -3338
1435 1436 -8318
1436 1437 -4075
1437 1438 8194
1438 1439 -7472
1439 1440 2365
1440 1441 -5819
1441 1442 -2935
1442 1443 -3142
1443 1444 -6794
1444 1445 8705
1445 1446 5570
1446 1447 7912
1447 1448 -810
1448 1449 -8097
1449 1450 -139
1450 1451 4809
1451 1452 -2938
1452 1453 -5781
1453 1454 2373
1454 1455 4840
1455 1456 7204
1456 1457 -5061
1457 1458 7237
1458 1459 9183
1459 1460 2802
1460 1461 -1417
1461 1462 -8041
1462 1463 -7988
1463 1464 4274
1464 1465 8294
1465 1466 -4741
1466 1467 8429
1467 1468 5832
1468 1469 -6815
1469 1470 -5029
1470 1471 -5801
1471 1472 -2508
1472 1473 1304
1473 1474 -6841
1474 1475 -993
1475 1476 4798
1476 1477 -3719
1477 1478 -7664
1478 1479 4874
1479 1480 -5046
1480 1481 -953
1481 1482 5965
1482 1483 -5666
1483 1484 -8100
1484 1485 -9415
1485 1486 -9899
1486 1487 2878
1487 1488 -5098
1488 1489 -2329
1489 1490 7117
1490 1491 1562
1491 1492 2292
1492 1493 -4598
1493 1494 -2429
1494 1495 -3354
1495 1496 -2145
1496 1497 3878
1497 1498 -9803
1498 1499 -51
1499 1500 7673
1500 1501 -6048
1501 1502 -4962
1502 1503 4100
1503 1504 -9042
1504 1505 5307
1505 1506 -4044
1506 1507 -7827
1507 1508 -6358
1508 1509 -2021
1509 1510 -4307
1510 1511 -2794
1511 1512 -8938
1512 1513 8648
1513 1514 2862
1514 1515 -2502
1515 1516 -9460
1516 1517 -4997
1517 1518 7212
1518 1519 6553
1519 1520 -948
1520 1521 6789
1521 1522 -9421
1522 1523 7097
1523 1524 -8644
1524 1525 -236
1525 1526 -8300
1526 1527 407
1527 1528 1336
1528 1529 6269
1529 1530 6369
1530 1531 -89
1531 1532 -6968
1532 1533 -922
1533 1534 8850
1534 1535 5225
1535 1536 -4163
1536 1537 -3478
1537 1538 6801
1538 1539 -2370
1539 1540 9007
1540 1541 -1702
1541 1542 -1449
1542 1543 901
1543 1544 4029
1544 1545 -3356
1545 1546 7542
1546 1547 5583
1547 1548 -613
1548 1549 4538
1549 1550 -1946
1550 1551 7923
1551 1552 -5758
1552 1553 -8406
1553 1554 -6022
1554 1555 122
1555 1556 3244
1556 1557 -1696
1557 1558 7589
1558 1559 -8620
1559 1560 -2880
1560 1561 432
1561 1562 -3814
1562 1563 7545
1563 1564 -5801
1564 1565 8562
1565 1566 -1583
1566 1567 2489
1567 1568 5475
1568 1569 7993
1569 1570 3245
1570 1571 446
1571 1572 -4323
1572 1573 -402
1573 1574 7592
1574 1575 -9866
1575 1576 -3214
1576 1577 -7292
1577 1578 -3786
1578 1579 5131
1579 1580 7966
1580 1581 4274
1581 1582 -1555
1582 1583 -6461
1583 1584 6430
1584 1585 -1255
1585 1586 -3598
1586 1587 8742
1587 1588 -6954
1588 1589 9417
1589 1590 3584
1590 1591 -7650
1591 1592 5369
1592 1593 3978
1593 1594 -4311
1594 1595 6512
1595 1596 -1076
1596 1597 -2076
1597 1598 -4829
1598 1599 -350
1599 1600 -1060
1600 1601 -6146
1601 1602 -8722
1602 1603 5417
1603 1604 -7794
1604 1605 -7876
1605 1606 -4595
1606 1607 6291
1607 1608 522
1608 1609 5943
1609 1610 2449
1610 1611 4988
1611 1612 1237
1612 1613 -2737
1613 1614 7823
1614 1615 -2146
1615 1616 3567
1616 1617 -7719
1617 1618 -4728
1618 1619 6321
1619 1620 4592
1620 1621 -3059
1621 1622 -8756
1622 1623 -3914
1623 1624 -4042
1624 1625 1550
1625 1626 -7696
1626 1627 5339
1627 1628 -3831
1628 1629 -898
1629 1630 -7449
1630 1631 8266
1631 1632 -5577
1632 1633 -5185
1633 1634 9831
1634 1635 -4220
1635 1636 -2042
1636 1637 2042
1637 1638 7635
1638 1639 -5602
1639 1640 3650
1640 1641 -6797
1641 1642 -4662
1642 1643 -3724
1643 1644 5681
1644 1645 9354
1645 1646 -7115
1646 1647 -9033
1647 1648 -6303
1648 1649 7273
1649 1650 -2168
1650 1651 -9521
1651 1652 -870
1652 1653 -6815
1653 1654 4013
1654 1655 -9610
1655 1656 9047
1656 1657 3673
1657 1658 -1537
1658 1659 6018
1659 1660 6992
1660 1661 6966
1661 1662 275
1662 1663 -8685
1663 1664 -5319
1664 1665 9128
1665 1666 7302
1666 1667 8984
1667 1668 1226
1668 1669 6504
1669 1670 1544
1670 1671 3560
1671 1672 -8435
1672 1673 4665
1673 1674 7456
1674 1675 -2190
1675 1676 6407
1676 1677 -8995
1677 1678 856
1678 1679 4156
1679 1680 8102
1680 1681 -2770
1681 1682 5438
1682 1683 5825
1683 1684 9402
1684 1685 -1525
1685 1686 7411
1686 1687 6920
1687 1688 2749
1688 1689 2893
1689 1690 -3240
1690 1691 2495
1691 1692 -2276
1692 1693 4827
1693 1694 3686
1694 1695 -7063
1695 1696 -7279
1696 1697 9877
1697 1698 -6104
1698 1699 3567
1699 1700 -7169
1700 1701 8438
1701 1702 -47
1702 1703 -5441
1703 1704 3560
1704 1705 -4371
1705 1706 -2924
1706 1707 -9017
1707 1708 3717
1708 1709 3591
1709 1710 -1020
1710 1711 9688
1711 1712 5731
1712 1713 3763
1713 1714 582
1714 1715 721
1715 1716 4245
1716 1717 -1797
1717 1718 -241
1718 1719 -7574
1719 1720 6688
1720 1721 6000
1721 1722 -2522
1722 1723 -465
1723 1724 2665
1724 1725 7322
1725 1726 -664
1726 1727 7632
1727 1728 5275
1728 1729 -9410
1729 1730 -4453
1730 1731 8406
1731 1732 545
1732 1733 -7047
1733 1734 4708
1734 1735 5670
1735 1736 7176
1736 1737 -3277
1737 1738 2976
1738 1739 -3970
1739 1740 -2328
1740 1741 4578
1741 1742 -8475
1742 1743 -5549
1743 1744 -1167
1744 1745 1694
1745 1746 3113
1746 1747 -488
1747 1748 2029
1748 1749 6675
1749 1750 -9355
1750 1751 -2757
1751 1752 -9123
1752 1753 -1381
1753 1754 -7803
1754 1755 6226
1755 1756 -1728
1756 1757 2696
1757 1758 8692
1758 1759 -1157
1759 1760 9912
1760 1761 4893
1761 1762 -5213
1762 1763 -2517
1763 1764 8693
1764 1765 -5151
1765 1766 -4069
1766 1767 -6737
1767 1768 8315
1768 1769 3552
1769 1770 -9449
1770 1771 -6027
1771 1772 -4286
1772 1773 -5985
1773 1774 9443
1774 1775 -8854
1775 1776 3333
1776 1777 -5941
1777 1778 6167
1778 1779 1162
1779 1780 -778
1780 1781 -8453
1781 1782 -5104
1782 1783 2351
1783 1784 -1677
1784 1785 -9181
1785 1786 6065
1786 1787 -3924
1787 1788 1507
1788 1789 9311
1789 1790 6076
1790 1791 -2304
1791 1792 3923
1792 1793 -8275
1793 1794 4786
1794 1795 -9227
1795 1796 -5910
1796 1797 3261
1797 1798 -4244
1798 1799 -5281
1799 1800 9951
1800 1801 577
1801 1802 -5056
1802 1803 -1802
1803 1804 5121
1804 1805 4350
1805 1806 3764
1806 1807 -9570
1807 1808 4435
1808 1809 -2419
1809 1810 3467
1810 1811 -9910
1811 1812 325
1812 1813 982
1813 1814 -6950
1814 1815 -6037
1815 1816 -1515
1816 1817 9822
1817 1818 -3397
1818 1819 -2087
1819 1820 1840
1820 1821 1935
1821 1822 -4519
1822 1823 4204
1823 1824 -7028
1824 1825 -8813
1825 1826 -6077
1826 1827 -5672
1827 1828 -8039
1828 1829 3955
1829 1830 -1433
1830 1831 6138
1831 1832 -557
1832 1833 4436
1833 1834 -1376
1834 1835 -7721
1835 1836 8928
1836 1837 1757
1837 1838 5631
1838 1839 -1171
1839 1840 -8966
1840 1841 -9885
1841 1842 3770
1842 1843 -1676
1843 1844 9574
1844 1845 -7524
1845 1846 -1947
1846 1847 -6079
1847 1848 -8906
1848 1849 -8089
1849 1850 -7582
1850 1851 -2954
1851 1852 -4477
1852 1853 -4339
1853 1854 7149
1854 1855 -8005
1855 1856 -9195
1856 1857 -305
1857 1858 -9121
1858 1859 7182
1859 1860 -6632
1860 1861 7619
1861 1862 7143
1862 1863 6483
1863 1864 -5890
1864 1865 8634
1865 1866 -5541
1866 1867 6679
1867 1868 9576
1868 1869 -8873
1869 1870 2745
1870 1871 1241
1871 1872 -8771
1872 1873 -7047
1873 1874 9775
1874 1875 4148
1875 1876 984
1876 1877 -9762
1877 1878 6964
1878 1879 7085
1879 1880 2399
1880 1881 -1025
1881 1882 9184
1882 1883 2589
1883 1884 -6489
1884 1885 -4469
1885 1886 -44
1886 1887 -7271
1887 1888 2430
1888 1889 -7938
1889 1890 -9930
1890 1891 5156
1891 1892 -9554
1892 1893 -8998
1893 1894 -3932
1894 1895 -8115
1895 1896 6769
1896 1897 -7650
1897 1898 7293
1898 1899 -487
1899 1900 8352
1900 1901 746
1901 1902 -8200
1902 1903 9660
1903 1904 -5098
1904 1905 -9778
1905 1906 784
1906 1907 -4667
1907 1908 3373
1908 1909 -6809
1909 1910 7069
1910 1911 5148
1911 1912 -5661
1912 1913 58
1913 1914 -5074
1914 1915 -197
1915 1916 -9645
1916 1917 8025
1917 1918 -5298
1918 1919 -1058
1919 1920 176
1920 1921 -9856
1921 1922 -8290
1922 1923 -7202
1923 1924 7149
1924 1925 -6382
1925 1926 -9560
1926 1927 3445
1927 1928 -8671
1928 1929 -6561
1929 1930 6322
1930 1931 9048
1931 1932 3308
1932 1933 2097
1933 1934 -9565
1934 1935 2879
1935 1936 4664
1936 1937 9395
1937 1938 2673
1938 1939 6013
1939 1940 2897
1940 1941 -8937
1941 1942 -3675
1942 1943 -2909
1943 1944 4625
1944 1945 602
1945 1946 -9359
1946 1947 6043
1947 1948 4055
1948 1949 -6547
1949 1950 -4033
1950 1951 1317
1951 1952 -9137
1952 1953 -8506
1953 1954 -7480
1954 1955 1863
1955 1956 2424
1956 1957 -6594
1957 1958 2290
1958 1959 3869
1959 1960 -4866
1960 1961 -5286
1961 1962 8436
1962 1963 4809
1963 1964 -4612
1964 1965 -7906
1965 1966 8942
1966 1967 164
1967 1968 8633
1968 1969 6644
1969 1970 -3915
1970 1971 -6719
1971 1972 9469
1972 1973 -6917
1973 1974 -7221
1974 1975 -6619
1975 1976 1989
1976 1977 -1958
1977 1978 4567
1978 1979 6064
1979 1980 4795
1980 1981 -9366
1981 1982 4563
1982 1983 878
1983 1984 -1062
1984 1985 -9406
1985 1986 2116
1986 1987 -2281
1987 1988 4439
1988 1989 -7864
1989 1990 -7281
1990 1991 1158
1991 1992 -4743
1992 1993 6288
1993 1994 7801
1994 1995 5960
1995 1996 -6893
1996 1997 -8895
1997 1998 4394
1998 1999 9323
1999 2000 -3074
2000 2001 1680
2001 2002 -1901
2002 2003 -7702
2003 2004 -6343
2004 2005 -1156
2005 2006 -3465
2006 2007 964
2007 2008 -4054
2008 2009 8548
2009 2010 -3726
2010 2011 638
2011 2012 9239
2012 2013 -9802
2013 2014 7640
2014 2015 7966
2015 2016 -3924
2016 2017 5398
2017 2018 1238
2018 2019 598
2019 2020 1351
2020 2021 3922
2021 2022 -4238
2022 2023 9754
2023 2024 1344
2024 2025 -1933
2025 2026 -1204
2026 2027 2336
2027 2028 2035
2028 2029 1966
2029 2030 -969
2030 2031 -4518
2031 2032 -3327
2032 2033 -512
2033 2034 741
2034 2035 3434
2035 2036 -3412
2036 2037 -4386
2037 2038 5936
2038 2039 9925
2039 2040 -8143
2040 2041 -9122
2041 2042 -9360
2042 2043 -7521
2043 2044 1942
2044 2045 147
2045 2046 -9695
2046 2047 -8020
2047 2048 8059
2048 2049 -7373
2049 2050 7639
2050 2051 7246
2051 2052 -3022
2052 2053 -9672
2053 2054 9024
2054 2055 6031
2055 2056 2888
2056 2057 9012
2057 2058 4129
2058 2059 -4166
2059 2060 -4405
2060 2061 -5298
2061 2062 3455
2062 2063 3544
2063 2064 3568
2064 2065 919
2065 2066 -6047
2066 2067 5188
2067 2068 7653
2068 2069 -2295
2069 2070 -5633
2070 2071 -8042
2071 2072 -1896
2072 2073 -1921
2073 2074 -2155
2074 2075 4932
2075 2076 6453
2076 2077 7899
2077 2078 4692
2078 2079 2135
2079 2080 -1584
2080 2081 -3827
2081 2082 -3501
2082 2083 8310
2083 2084 8643
2084 2085 9548
2085 2086 -9229
2086 2087 -1513
2087 2088 -6794
2088 2089 8583
2089 2090 7828
2090 2091 6024
2091 2092 -7825
2092 2093 1717
2093 2094 -3870
2094 2095 -4486
2095 2096 3812
2096 2097 -567
2097 2098 -9678
2098 2099 -202
2099 2100 5141
2100 2101 -5572
2101 2102 9696
2102 2103 -9738
2103 2104 -9799
2104 2105 -6736
2105 2106 6538
2106 2107 9978
2107 2108 -3233
2108 2109 -3514
2109 2110 1295
2110 2111 -6833
2111 2112 2402
2112 2113 2409
2113 2114 1929
2114 2115 7823
2115 2116 7959
2116 2117 1652
2117 2118 -1635
2118 2119 7630
2119 2120 8156
2120 2121 8641
2121 2122 -8007
2122 2123 -1227
2123 2124 3130
2124 2125 1621
2125 2126 -1284
2126 2127 -7565
2127 2128 6987
2128 2129 1821
2129 2130 7694
2130 2131 -7042
2131 2132 -6425
2132 2133 -2860
2133 2134 1099
2134 2135 7070
2135 2136 -282
2136 2137 2124
2137 2138 -1595
2138 2139 -6897
2139 2140 3756
2140 2141 9562
2141 2142 26
2142 2143 -6532
2143 2144 -2029
2144 2145 -4321
2145 2146 9019
2146 2147 -9437
2147 2148 3844
2148 2149 70
2149 2150 237
2150 2151 5585
2151 2152 -7146
2152 2153 -3294
2153 2154 -3447
2154 2155 2760
2155 2156 6393
2156 2157 -4772
2157 2158 4419
2158 2159 -3784
2159 2160 4459
2160 2161 8806
2161 2162 -4634
2162 2163 -316
2163 2164 3375
2164 2165 6927
2165 2166 -6695
2166 2167 -4312
2167 2168 6522
2168 2169 9428
2169 2170 -9162
2170 2171 -8747
2171 2172 -5438
2172 2173 2047
2173 2174 4303
2174 2175 2698
2175 2176 -1456
2176 2177 6037
2177 2178 8016
2178 2179 1657
2179 2180 -8467
2180 2181 6808
2181 2182 9128
2182 2183 -151
2183 2184 9666
2184 2185 -8641
2185 2186 -4855
2186 2187 7039
2187 2188 1627
2188 2189 -3499
2189 2190 -4297
2190 2191 4724
2191 2192 1419
2192 2193 7003
2193 2194 4987
2194 2195 1129
2195 2196 9032
2196 2197 6534
2197 2198 -2628
2198 2199 2754
2199 2200 -6065
2200 2201 -4933
2201 2202 9800
2202 2203 -1354
2203 2204 9081
2204 2205 -4024
2205 2206 2290
2206 2207 -3561
2207 2208 7357
2208 2209 4688
2209 2210 5822
2210 2211 -4236
2211 2212 2830
2212 2213 -5226
2213 2214 -3930
2214 2215 -3423
2215 2216 3121
2216 2217 4211
2217 2218 -1719
2218 2219 -8686
2219 2220 5896
2220 2221 -793
2221 2222 -8286
2222 2223 -3541
2223 2224 -5158
2224 2225 -9629
2225 2226 -4211
2226 2227 -153
2227 2228 -3830
2228 2229 3053
2229 2230 1815
2230 2231 6720
2231 2232 1359
2232 2233 -3879
2233 2234 -8572
2234 2235 -222
2235 2236 -622
2236 2237 -5289
2237 2238 3333
2238 2239 4834
2239 2240 -7384
2240 2241 489
2241 2242 -4079
2242 2243 5090
2243 2244 6120
2244 2245 5516
2245 2246 7518
2246 2247 3525
2247 2248 -9801
2248 2249 -1581
2249 2250 5148
2250 2251 -1468
2251 2252 7052
2252 2253 7716
2253 2254 -8710
2254 2255 9075
2255 2256 2626
2256 2257 7117
2257 2258 638
2258 2259 -6728
2259 2260 8943
2260 2261 -3374
2261 2262 -7178
2262 2263 8467
2263 2264 -7436
2264 2265 -2778
2265 2266 2075
2266 2267 -5125
2267 2268 4618
2268 2269 -6728
2269 2270 -6770
2270 2271 1546
2271 2272 4723
2272 2273 -579
2273 2274 2242
2274 2275 5929
2275 2276 5597
2276 2277 -9354
2277 2278 3122
2278 2279 -2345
2279 2280 6739
2280 2281 5002
2281 2282 4949
2282 2283 6801
2283 2284 846
2284 2285 -893
2285 2286 -5458
2286 2287 -4237
2287 2288 6334
2288 2289 6978
2289 2290 -3630
2290 2291 -1095
2291 2292 8196
2292 2293 4019
2293 2294 9991
2294 2295 5068
2295 2296 3934
2296 2297 -8627
2297 2298 6931
2298 2299 -3789
2299 2300 3211
2300 2301 7035
2301 2302 5241
2302 2303 -8368
2303 2304 -9812
2304 2305 9808
2305 2306 -9860
2306 2307 -8171
2307 2308 -6223
2308 2309 -8475
2309 2310 -4738
2310 2311 -3292
2311 2312 -6292
2312 2313 5778
2313 2314 4911
2314 2315 3187
2315 2316 -5007
2316 2317 -8434
2317 2318 7476
2318 2319 3317
2319 2320 -4022
2320 2321 6072
2321 2322 3223
2322 2323 -1929
2323 2324 6402
2324 2325 -1193
2325 2326 -1036
2326 2327 1694
2327 2328 1953
2328 2329 4478
2329 2330 -1384
2330 2331 -7374
2331 2332 8658
2332 2333 4678
2333 2334 9265
2334 2335 336
2335 2336 3294
2336 2337 -5536
2337 2338 7843
2338 2339 8658
2339 2340 1399
2340 2341 76
2341 2342 -7396
2342 2343 -1609
2343 2344 -5173
2344 2345 -3031
2345 2346 7085
2346 2347 3833
2347 2348 6452
2348 2349 -3263
2349 2350 -5931
2350 2351 -7740
2351 2352 -3874
2352 2353 486
2353 2354 -7050
2354 2355 -7010
2355 2356 6592
2356 2357 -6789
2357 2358 5313
2358 2359 -167
2359 2360 8731
2360 2361 7043
2361 2362 2238
2362 2363 8225
2363 2364 9915
2364 2365 -1569
2365 2366 8299
2366 2367 -1646
2367 2368 -2101
2368 2369 6769
2369 2370 2276
2370 2371 -6215
2371 2372 4468
2372 2373 -8293
2373 2374 -3473
2374 2375 -1347
2375 2376 3196
2376 2377 4162
2377 2378 -7249
2378 2379 2061
2379 2380 -7946
2380 2381 -788
2381 2382 6140
2382 2383 -988
2383 2384 -9331
2384 2385 -2705
2385 2386 4808
2386 2387 -1013
2387 2388 3865
2388 2389 -2548
2389 2390 1637
2390 2391 -4009
2391 2392 5586
2392 2393 8821
2393 2394 5021
2394 2395 -3313
2395 2396 -5130
2396 2397 93
2397 2398 1407
2398 2399 -9606
2399 2400 -9023
2400 2401 -1833
2401 2402 -7776
2402 2403 7161
2403 2404 7851
2404 2405 3802
2405 2406 6395
2406 2407 3691
2407 2408 -6280
2408 2409 -4592
2409 2410 6038
2410 2411 -7336
2411 2412 9164
2412 2413 -1824
2413 2414 -4842
2414 2415 -610
2415 2416 7804
2416 2417 -3172
2417 2418 7194
2418 2419 3610
2419 2420 4595
2420 2421 5870
2421 2422 -7303
2422 2423 8760
2423 2424 5540
2424 2425 4051
2425 2426 -7986
2426 2427 -920
2427 2428 -2695
2428 2429 4000
2429 2430 -5117
2430 2431 1406
2431 2432 -1928
2432 2433 -6659
2433 2434 -3788
2434 2435 8907
2435 2436 -2997
2436 2437 -7328
2437 2438 -9070
2438 2439 -9786
2439 2440 1807
2440 2441 1352
2441 2442 -5959
2442 2443 -284
2443 2444 8943
2444 2445 -4601
2445 2446 725
2446 2447 -7177
2447 2448 4310
2448 2449 1476
2449 2450 7559
2450 2451 -6492
2451 2452 -7791
2452 2453 -3422
2453 2454 -2016
2454 2455 7336
2455 2456 3608
2456 2457 4203
2457 2458 -1259
2458 2459 7662
2459 2460 8373
2460 2461 -1258
2461 2462 -8248
2462 2463 -5872
2463 2464 615
2464 2465 -5361
2465 2466 326
2466 2467 6610
2467 2468 -9305
2468 2469 -9624
2469 2470 -3170
2470 2471 -8134
2471 2472 2112
2472 2473 -2214
2473 2474 1160
2474 2475 -6266
2475 2476 -1162
2476 2477 -699
2477 2478 9313
2478 2479 3411
2479 2480 -6719
2480 2481 -2502
2481 2482 3283
2482 2483 2901
2483 2484 -8513
2484 2485 1134
2485 2486 -2380
2486 2487 -598
2487 2488 -6383
2488 2489 -7569
2489 2490 2974
2490 2491 -787
2491 2492 9380
2492 2493 7042
2493 2494 -5215
2494 2495 -8723
2495 2496 -806
2496 2497 5875
2497 2498 -2257
2498 2499 -941
2499 2500 4229
2500 2501 9025
2501 2502 9562
2502 2503 -6705
2503 2504 -7259
2504 2505 -3609
2505 2506 -4277
2506 2507 5541
2507 2508 6645
2508 2509 -8678
2509 2510 3314
2510 2511 6434
2511 2512 -500
2512 2513 -4669
2513 2514 -5155
2514 2515 1726
2515 2516 -6530
2516 2517 -1681
2517 2518 9013
2518 2519 289
2519 2520 -6858
2520 2521 6604
2521 2522 1556
2522 2523 6974
2523 2524 7851
2524 2525 7069
2525 2526 -8584
2526 2527 9767
2527 2528 -825
2528 2529 -6019
2529 2530 -3951
2530 2531 6808
2531 2532 -5652
2532 2533 6464
2533 2534 -8649
2534 2535 -2644
2535 2536 -5656
2536 2537 -8900
2537 2538 -2903
2538 2539 4689
2539 2540 -2803
2540 2541 -1345
2541 2542 -7988
2542 2543 6792
2543 2544 1631
2544 2545 7682
2545 2546 7925
2546 2547 -4276
2547 2548 -6054
2548 2549 -7788
2549 2550 8775
2550 2551 -5106
2551 2552 3587
2552 2553 -3768
2553 2554 8289
2554 2555 -8796
2555 2556 8520
2556 2557 -4885
2557 2558 -9106
2558 2559 8595
2559 2560 -6831
2560 2561 -1292
2561 2562 -9054
2562 2563 -3361
2563 2564 3098
2564 2565 -4361
2565 2566 7610
2566 2567 2795
2567 2568 9692
2568 2569 4739
2569 2570 -7311
2570 2571 -5907
2571 2572 7690
2572 2573 -3555
2573 2574 -7192
2574 2575 -9393
2575 2576 -1209
2576 2577 -8221
2577 2578 -7279
2578 2579 -6591
2579 2580 1006
2580 2581 8010
2581 2582 -2792
2582 2583 -701
2583 2584 5382
2584 2585 -2638
2585 2586 4650
2586 2587 -1469
2587 2588 44
2588 2589 258
2589 2590 4792
2590 2591 -5829
2591 2592 -3988
2592 2593 -6426
2593 2594 3218
2594 2595 5823
2595 2596 5715
2596 2597 904
2597 2598 -4089
2598 2599 -1126
2599 2600 5662
2600 2601 4062
2601 2602 -1771
2602 2603 9076
2603 2604 -6598
2604 2605 4836
2605 2606 5283
2606 2607 8223
2607 2608 -8770
2608 2609 4392
2609 2610 6134
2610 2611 -6314
2611 2612 9171
2612 2613 -3887
2613 2614 2797
2614 2615 -1735
2615 2616 3716
2616 2617 -3660
2617 2618 -5042
2618 2619 8399
2619 2620 6444
2620 2621 -8765
2621 2622 4444
2622 2623 -8866
2623 2624 -7348
2624 2625 4804
2625 2626 8440
2626 2627 3536
2627 2628 -4472
2628 2629 -588
2629 2630 -8411
2630 2631 4707
2631 2632 -7366
2632 2633 -5011
2633 2634 7415
2634 2635 -9222
2635 2636 -1769
2636 2637 916
2637 2638 -1241
2638 2639 4722
2639 2640 9330
2640 2641 -2452
2641 2642 -7466
2642 2643 5739
2643 2644 1019
2644 2645 -1158
2645 2646 8932
2646 2647 9646
2647 2648 1030
2648 2649 -7460
2649 2650 5528
2650 2651 -3985
2651 2652 -3070
2652 2653 9586
2653 2654 4609
2654 2655 -554
2655 2656 7490
2656 2657 348
2657 2658 9699
2658 2659 4662
2659 2660 -5793
2660 2661 -1144
2661 2662 -6428
2662 2663 -4751
2663 2664 -1695
2664 2665 -9810
2665 2666 4439
2666 2667 -5739
2667 2668 -399
2668 2669 1302
2669 2670 3718
2670 2671 6649
2671 2672 4029
2672 2673 -234
2673 2674 -1670
2674 2675 6679
2675 2676 7800
2676 2677 5863
2677 2678 8319
2678 2679 2685
2679 2680 -7471
2680 2681 2549
2681 2682 1187
2682 2683 -352
2683 2684 -4088
2684 2685 -1162
2685 2686 -6984
2686 2687 9093
2687 2688 8557
2688 2689 -9453
2689 2690 -1451
2690 2691 -6169
2691 2692 -2554
2692 2693 -1725
2693 2694 9873
2694 2695 5902
2695 2696 9533
2696 2697 7816
2697 2698 -2726
2698 2699 -4672
2699 2700 3884
2700 2701 4807
2701 2702 -83
2702 2703 -9087
2703 2704 -1115
2704 2705 7410
2705 2706 8777
2706 2707 313
2707 2708 -6043
2708 2709 -5791
2709 2710 7331
2710 2711 -4442
2711 2712 -5307
2712 2713 -8935
2713 2714 -8872
2714 2715 -3247
2715 2716 513
2716 2717 -3324
2717 2718 -9909
2718 2719 4247
2719 2720 -3047
2720 2721 -3664
2721 2722 -4667
2722 2723 -7821
2723 2724 -9085
2724 2725 6586
2725 2726 -839
2726 2727 -3049
2727 2728 4240
2728 2729 4067
2729 2730 -1628
2730 2731 9397
2731 2732 -373
2732 2733 -7859
2733 2734 -9457
2734 2735 980
2735 2736 -7900
2736 2737 1857
2737 2738 6388
2738 2739 -181
2739 2740 6856
2740 2741 8871
2741 2742 -1736
2742 2743 -2660
2743 2744 4044
2744 2745 -7104
2745 2746 3761
2746 2747 -6629
2747 2748 7151
2748 2749 902
2749 2750 -1793
2750 2751 -8772
2751 2752 -6232
2752 2753 5930
2753 2754 -8741
2754 2755 -538
2755 2756 -4304
2756 2757 23
2757 2758 8623
2758 2759 6602
2759 2760 8040
2760 2761 6178
2761 2762 5570
2762 2763 -783
2763 2764 -2168
2764 2765 5810
2765 2766 -156
2766 2767 -2976
2767 2768 -5423
2768 2769 -4915
2769 2770 288
2770 2771 -8343
2771 2772 3726
2772 2773 3519
2773 2774 -2186
2774 2775 -2330
2775 2776 -8399
2776 2777 -9842
2777 2778 4997
2778 2779 8172
2779 2780 4803
2780 2781 -4458
2781 2782 5880
2782 2783 9293
2783 2784 1666
2784 2785 -3796
2785 2786 4807
2786 2787 -3877
2787 2788 5123
2788 2789 -6959
2789 2790 -1384
2790 2791 -7199
2791 2792 1846
2792 2793 3032
2793 2794 6638
2794 2795 6584
2795 2796 -4942
2796 2797 8763
2797 2798 6590
2798 2799 -1384
2799 2800 -3415
2800 2801 -4393
2801 2802 -9090
2802 2803 -567
2803 2804 -3159
2804 2805 6774
2805 2806 -3039
2806 2807 8423
2807 2808 3698
2808 2809 9350
2809 2810 -6567
2810 2811 -3930
2811 2812 -18
2812 2813 -4609
2813 2814 5775
2814 2815 7394
2815 2816 6533
2816 2817 -1773
2817 2818 -840
2818 2819 -6544
2819 2820 6253
2820 2821 7878
2821 2822 -8269
2822 2823 -4126
2823 2824 5909
2824 2825 6045
2825 2826 6963
2826 2827 4407
2827 2828 -5623
2828 2829 -8380
2829 2830 6395
2830 2831 -1292
2831 2832 -8115
2832 2833 -2287
2833 2834 -3301
2834 2835 -265
2835 2836 -5040
2836 2837 3633
2837 2838 -1345
2838 2839 6744
2839 2840 7741
2840 2841 1096
2841 2842 7379
2842 2843 -7364
2843 2844 -5909
2844 2845 9640
2845 2846 291
2846 2847 -3091
2847 2848 -4333
2848 2849 794
2849 2850 7976
2850 2851 9624
2851 2852 4807
2852 2853 -285
2853 2854 -9146
2854 2855 834
2855 2856 -844
2856 2857 -711
2857 2858 5208
2858 2859 2677
2859 2860 -1790
2860 2861 3617
2861 2862 -4082
2862 2863 4127
2863 2864 -9035
2864 2865 -4152
2865 2866 8051
2866 2867 9528
2867 2868 -8792
2868 2869 -5618
2869 2870 331
2870 2871 -4225
2871 2872 -863
2872 2873 2755
2873 2874 -3689
2874 2875 5959
2875 2876 9345
2876 2877 -8166
2877 2878 6346
2878 2879 1516
2879 2880 6814
2880 2881 -6204
2881 2882 -308
2882 2883 8052
2883 2884 -217
2884 2885 -1799
2885 2886 -4677
2886 2887 297
2887 2888 374
2888 2889 6753
2889 2890 -7374
2890 2891 -7951
2891 2892 2488
2892 2893 6198
2893 2894 7406
2894 2895 -9591
2895 2896 -3999
2896 2897 -7588
2897 2898 1067
2898 2899 -3468
2899 2900 -64
2900 2901 -8474
2901 2902 -4009
2902 2903 4451
2903 2904 -9565
2904 2905 1911
2905 2906 -6904
2906 2907 -111
2907 2908 -5285
2908 2909 -2899
2909 2910 4298
2910 2911 -6676
2911 2912 -8178
2912 2913 -3099
2913 2914 -6136
2914 2915 -7587
2915 2916 9436
2916 2917 -9591
2917 2918 5816
2918 2919 -6986
2919 2920 -2600
2920 2921 -6564
2921 2922 8078
2922 2923 -3078
2923 2924 3661
2924 2925 8387
2925 2926 1341
2926 2927 8444
2927 2928 1315
2928 2929 3053
2929 2930 743
2930 2931 -984
2931 2932 -6790
2932 2933 -7513
2933 2934 8168
2934 2935 3993
2935 2936 -7831
2936 2937 -2042
2937 2938 -1894
2938 2939 3177
2939 2940 8692
2940 2941 4884
2941 2942 1777
2942 2943 1134
2943 2944 -5914
2944 2945 -3004
2945 2946 105
2946 2947 5819
2947 2948 1377
2948 2949 -5381
2949 2950 6110
2950 2951 -9301
2951 2952 -9602
2952 2953 5737
2953 2954 7530
2954 2955 8781
2955 2956 7152
2956 2957 -5572
2957 2958 -9128
2958 2959 5702
2959 2960 -6001
2960 2961 -6267
2961 2962 -6255
2962 2963 4897
2963 2964 -8001
2964 2965 -2714
2965 2966 6734
2966 2967 561
2967 2968 -3289
2968 2969 -2979
2969 2970 205
2970 2971 -4460
2971 2972 -1076
2972 2973 4085
2973 2974 -7467
2974 2975 -5426
2975 2976 973
2976 2977 -9900
2977 2978 2702
2978 2979 -5810
2979 2980 1872
2980 2981 2968
2981 2982 -5920
2982 2983 -2039
2983 2984 -8195
2984 2985 4281
2985 2986 3277
2986 2987 7391
2987 2988 -5267
2988 2989 -5491
2989 2990 -576
2990 2991 4632
2991 2992 4198
2992 2993 4424
2993 2994 -8001
2994 2995 -9762
2995 2996 4403
2996 2997 3960
2997 2998 8151
2998 2999 -7349
2999 3000 -5671
3000 3001 1381
3001 3002 -2777
3002 3003 -5511
3003 3004 -3614
3004 3005 1581
3005 3006 -4953
3006 3007 5928
3007 3008 5133
3008 3009 -4486
3009 3010 -3137
3010 3011 2650
3011 3012 8682
3012 3013 7856
3013 3014 456
3014 3015 4973
3015 3016 1169
3016 3017 -1176
3017 3018 -1075
3018 3019 -6565
3019 3020 7572
3020 3021 -8730
3021 3022 4648
3022 3023 -2719
3023 3024 -9918
3024 3025 2324
3025 3026 426
3026 3027 2507
3027 3028 8005
3028 3029 1894
3029 3030 -9410
3030 3031 -9010
3031 3032 -9825
3032 3033 6062
3033 3034 -687
3034 3035 -6242
3035 3036 -5612
3036 3037 -2707
3037 3038 2208
3038 3039 -3943
3039 3040 8417
3040 3041 -9973
3041 3042 7753
3042 3043 8049
3043 3044 -9500
3044 3045 2970
3045 3046 -6875
3046 3047 3888
3047 3048 1509
3048 3049 -2493
3049 3050 -4034
3050 3051 1261
3051 3052 -7445
3052 3053 2001
3053 3054 -3040
3054 3055 -320
3055 3056 -4257
3056 3057 -4301
3057 3058 2085
3058 3059 -9770
3059 3060 2618
3060 3061 5804
3061 3062 -3314
3062 3063 -632
3063 3064 9849
3064 3065 -5575
3065 3066 -8581
3066 3067 9965
3067 3068 -7928
3068 3069 7829
3069 3070 3620
3070 3071 9935
3071 3072 7894
3072 3073 4985
3073 3074 2624
3074 3075 -1656
3075 3076 -267
3076 3077 -2248
3077 3078 -2400
3078 3079 5706
3079 3080 1294
3080 3081 5716
3081 3082 8760
3082 3083 7154
3083 3084 8983
3084 3085 -4647
3085 3086 -2150
3086 3087 -6617
3087 3088 8513
3088 3089 -6652
3089 3090 16
3090 3091 -631
3091 3092 3073
3092 3093 2920
3093 3094 4450
3094 3095 -4354
3095 3096 7267
3096 3097 -2013
3097 3098 -9443
3098 3099 6660
3099 3100 -7257
3100 3101 -9905
3101 3102 20
3102 3103 8226
3103 3104 -8450
3104 3105 7430
3105 3106 -4233
3106 3107 3982
3107 3108 1550
3108 3109 -8165
3109 3110 -747
3110 3111 8688
3111 3112 7532
3112 3113 -3777
3113 3114 -271
3114 3115 -8389
3115 3116 -7836
3116 3117 -381
3117 3118 -8313
3118 3119 -9148
3119 3120 -5162
3120 3121 -2991
3121 3122 513
3122 3123 7476
3123 3124 -8120
3124 3125 3587
3125 3126 -7397
3126 3127 8633
3127 3128 -4972
3128 3129 2434
3129 3130 2983
3130 3131 -8285
3131 3132 -1087
3132 3133 4905
3133 3134 1946
3134 3135 1072
3135 3136 -6804
3136 3137 -5757
3137 3138 5897
3138 3139 -6288
3139 3140 -8929
3140 3141 8932
3141 3142 -8647
3142 3143 -9785
3143 3144 -9901
3144 3145 -5441
3145 3146 -7689
3146 3147 -2575
3147 3148 8442
3148 3149 3856
3149 3150 9394
3150 3151 -5229
3151 3152 9516
3152 3153 -7809
3153 3154 8137
3154 3155 4666
3155 3156 -5264
3156 3157 -91
3157 3158 -5184
3158 3159 9169
3159 3160 -1481
3160 3161 -457
3161 3162 5466
3162 3163 9944
3163 3164 7054
3164 3165 62
3165 3166 8321
3166 3167 1956
3167 3168 9212
3168 3169 -8038
3169 3170 -4896
3170 3171 2006
3171 3172 -3682
3172 3173 2904
3173 3174 -8697
3174 3175 4595
3175 3176 4119
3176 3177 3039
3177 3178 3827
3178 3179 1498
3179 3180 -2609
3180 3181 -5715
3181 3182 9351
3182 3183 -2045
3183 3184 -6009
3184 3185 -7575
3185 3186 -9622
3186 3187 -857
3187 3188 2808
3188 3189 -6426
3189 3190 -8853
3190 3191 -9395
3191 3192 774
3192 3193 -8454
3193 3194 2441
3194 3195 3056
3195 3196 -9945
3196 3197 -8388
3197 3198 -2923
3198 3199 3201
3199 3200 -3882
3200 3201 178
3201 3202 1382
3202 3203 4341
3203 3204 -9836
3204 3205 8594
3205 3206 8915
3206 3207 -5045
3207 3208 1675
3208 3209 -9946
3209 3210 3468
3210 3211 -1676
3211 3212 -6659
3212 3213 6958
3213 3214 1716
3214 3215 -4758
3215 3216 -1775
3216 3217 -1181
3217 3218 7146
3218 3219 3044
3219 3220 -819
3220 3221 -6529
3221 3222 -1370
3222 3223 -364
3223 3224 -791
3224 3225 975
3225 3226 -9004
3226 3227 6153
3227 3228 6026
3228 3229 -3490
3229 3230 -9222
3230 3231 5871
3231 3232 -8598
3232 3233 7469
3233 3234 -3903
3234 3235 -9753
3235 3236 -4110
3236 3237 -8520
3237 3238 -4926
3238 3239 2520
3239 3240 3292
3240 3241 9824
3241 3242 -9174
3242 3243 2597
3243 3244 -740
3244 3245 -1644
3245 3246 -4211
3246 3247 7211
3247 3248 -3437
3248 3249 482
3249 3250 -70
3250 3251 182
3251 3252 -7647
3252 3253 9747
3253 3254 9445
3254 3255 6027
3255 3256 -7028
3256 3257 -2354
3257 3258 7864
3258 3259 178
3259 3260 3442
3260 3261 317
3261 3262 1248
3262 3263 -1935
3263 3264 -4598
3264 3265 -6000
3265 3266 -291
3266 3267 -3
3267 3268 -8314
3268 3269 -1630
3269 3270 -8652
3270 3271 4979
3271 3272 -5899
3272 3273 975
3273 3274 6223
3274 3275 7311
3275 3276 -7909
3276 3277 6388
3277 3278 -8845
3278 3279 -5101
3279 3280 -7769
3280 3281 7130
3281 3282 112
3282 3283 -1122
3283 3284 8086
3284 3285 -4104
3285 3286 7633
3286 3287 4113
3287 3288 6935
3288 3289 7208
3289 3290 9240
3290 3291 1574
3291 3292 1440
3292 3293 -6187
3293 3294 -645
3294 3295 4544
3295 3296 9726
3296 3297 8219
3297 3298 4727
3298 3299 -3562
3299 3300 6740
3300 3301 8232
3301 3302 -8306
3302 3303 -6003
3303 3304 -9290
3304 3305 9544
3305 3306 9352
3306 3307 9390
3307 3308 96
3308 3309 3725
3309 3310 -4991
3310 3311 -82
3311 3312 -7696
3312 3313 -408
3313 3314 -7881
3314 3315 -3747
3315 3316 -775
3316 3317 7971
3317 3318 -895
3318 3319 6054
3319 3320 -8251
3320 3321 -8980
3321 3322 -9070
3322 3323 7588
3323 3324 -9475
3324 3325 -8902
3325 3326 -2707
3326 3327 -6572
3327 3328 3553
3328 3329 6939
3329 3330 -7124
3330 3331 9543
3331 3332 6705
3332 3333 8646
3333 3334 684
3334 3335 1932
3335 3336 -2686
3336 3337 5690
3337 3338 -731
3338 3339 6155
3339 3340 9840
3340 3341 -8897
3341 3342 2633
3342 3343 942
3343 3344 4999
3344 3345 5677
3345 3346 -6378
3346 3347 4896
3347 3348 -4496
3348 3349 -8836
3349 3350 -4956
3350 3351 -9070
3351 3352 9538
3352 3353 -9550
3353 3354 -338
3354 3355 4821
3355 3356 1436
3356 3357 4353
3357 3358 5742
3358 3359 3080
3359 3360 9080
3360 3361 472
3361 3362 -3321
3362 3363 4310
3363 3364 5408
3364 3365 -9897
3365 3366 -2654
3366 3367 -5822
3367 3368 -5395
3368 3369 -179
3369 3370 3635
3370 3371 -3463
3371 3372 -6981
3372 3373 3799
3373 3374 4489
3374 3375 825
3375 3376 -8136
3376 3377 -555
3377 3378 9439
3378 3379 -4092
3379 3380 -1096
3380 3381 -549
3381 3382 -9131
3382 3383 7079
3383 3384 -2423
3384 3385 4315
3385 3386 2935
3386 3387 7839
3387 3388 -7887
3388 3389 8749
3389 3390 2882
3390 3391 -4062
3391 3392 -4296
3392 3393 3092
3393 3394 3846
3394 3395 -3200
3395 3396 -5497
3396 3397 -8344
3397 3398 3170
3398 3399 7727
3399 3400 -7419
3400 3401 -806
3401 3402 2440
3402 3403 1863
3403 3404 3972
3404 3405 3913
3405 3406 5589
3406 3407 -9547
3407 3408 726
3408 3409 6947
3409 3410 853
3410 3411 4003
3411 3412 7763
3412 3413 8406
3413 3414 -6665
3414 3415 7905
3415 3416 -4583
3416 3417 4505
3417 3418 -7620
3418 3419 -2635
3419 3420 3818
3420 3421 -7921
3421 3422 8714
3422 3423 2874
3423 3424 4672
3424 3425 3352
3425 3426 4229
3426 3427 1871
3427 3428 5897
3428 3429 9902
3429 3430 2962
3430 3431 -340
3431 3432 4581
3432 3433 -3156
3433 3434 8775
3434 3435 -507
3435 3436 9003
3436 3437 -8361
3437 3438 -7234
3438 3439 7639
3439 3440 -2849
3440 3441 -904
3441 3442 -8528
3442 3443 7977
3443 3444 1159
3444 3445 -6647
3445 3446 -4793
3446 3447 -2747
3447 3448 2560
3448 3449 -9470
3449 3450 -4991
3450 3451 2052
3451 3452 9770
3452 3453 -1137
3453 3454 -3102
3454 3455 -8087
3455 3456 7094
3456 3457 2712
3457 3458 -1521
3458 3459 6199
3459 3460 2724
3460 3461 -3744
3461 3462 -1752
3462 3463 7051
3463 3464 6870
3464 3465 -2468
3465 3466 4855
3466 3467 1168
3467 3468 1679
3468 3469 -6360
3469 3470 -8210
3470 3471 -7002
3471 3472 -9017
3472 3473 -5443
3473 3474 8442
3474 3475 5985
3475 3476 6056
3476 3477 7173
3477 3478 1030
3478 3479 9409
3479 3480 228
3480 3481 -4857
3481 3482 3039
3482 3483 -4739
3483 3484 7085
3484 3485 4038
3485 3486 -8439
3486 3487 -7977
3487 3488 -4316
3488 3489 9959
3489 3490 -4108
3490 3491 -6671
3491 3492 -7512
3492 3493 -4396
3493 3494 -7027
3494 3495 4628
3495 3496 -2272
3496 3497 7311
3497 3498 7682
3498 3499 6245
3499 3500 5656
3500 3501 535
3501 3502 -743
3502 3503 3636
3503 3504 9214
3504 3505 8477
3505 3506 4487
3506 3507 -2003
3507 3508 9867
3508 3509 -6931
3509 3510 -142
3510 3511 3072
3511 3512 -7884
3512 3513 1633
3513 3514 4377
3514 3515 8686
3515 3516 -7007
3516 3517 8641
3517 3518 1760
3518 3519 5850
3519 3520 -4918
3520 3521 -2226
3521 3522 166
3522 3523 9352
3523 3524 -7456
3524 3525 -2753
3525 3526 4150
3526 3527 -2604
3527 3528 -6107
3528 3529 -522
3529 3530 2249
3530 3531 -1123
3531 3532 4381
3532 3533 -3977
3533 3534 8770
3534 3535 -6162
3535 3536 -1423
3536 3537 -3223
3537 3538 -1242
3538 3539 6449
3539 3540 453
3540 3541 -1884
3541 3542 -4140
3542 3543 5320
3543 3544 -8546
3544 3545 -6924
3545 3546 3317
3546 3547 -4923
3547 3548 2545
3548 3549 9324
3549 3550 -5540
3550 3551 2678
3551 3552 7745
3552 3553 8897
3553 3554 -2115
3554 3555 1889
3555 3556 4594
3556 3557 -9287
3557 3558 -3443
3558 3559 -996
3559 3560 -8908
3560 3561 -2725
3561 3562 6715
3562 3563 6002
3563 3564 8170
3564 3565 3618
3565 3566 -9200
3566 3567 -2392
3567 3568 -6644
3568 3569 -3953
3569 3570 -6015
3570 3571 2369
3571 3572 6253
3572 3573 -6068
3573 3574 2463
3574 3575 6678
3575 3576 1249
3576 3577 -6995
3577 3578 -565
3578 3579 -4827
3579 3580 2709
3580 3581 -667
3581 3582 -2260
3582 3583 2210
3583 3584 -3517
3584 3585 5213
3585 3586 -4313
3586 3587 -9236
3587 3588 1246
3588 3589 -1341
3589 3590 -6354
3590 3591 4663
3591 3592 8333
3592 3593 -1955
3593 3594 -2304
3594 3595 3203
3595 3596 2341
3596 3597 -2111
3597 3598 -4405
3598 3599 -9563
3599 3600 -4526
3600 3601 -2599
3601 3602 9903
3602 3603 -7163
3603 3604 5744
3604 3605 7761
3605 3606 -9855
3606 3607 -8966
3607 3608 8277
3608 3609 -9638
3609 3610 1788
3610 3611 193
3611 3612 -3569
3612 3613 87
3613 3614 5099
3614 3615 6214
3615 3616 6114
3616 3617 348
3617 3618 -3951
3618 3619 -4100
3619 3620 3726
3620 3621 -5596
3621 3622 -1117
3622 3623 -3639
3623 3624 7538
3624 3625 1759
3625 3626 7672
3626 3627 8874
3627 3628 7648
3628 3629 5442
3629 3630 9998
3630 3631 -7605
3631 3632 -6336
3632 3633 6603
3633 3634 2936
3634 3635 3705
3635 3636 3938
3636 3637 1174
3637 3638 8029
3638 3639 -686
3639 3640 -2711
3640 3641 175
3641 3642 -8373
3642 3643 5751
3643 3644 799
3644 3645 -3622
3645 3646 -6874
3646 3647 -6557
3647 3648 -3829
3648 3649 -786
3649 3650 -6350
3650 3651 9506
3651 3652 -1908
3652 3653 6854
3653 3654 -2097
3654 3655 6299
3655 3656 2228
3656 3657 -2036
3657 3658 6670
3658 3659 5431
3659 3660 -3929
3660 3661 -5170
3661 3662 145
3662 3663 6438
3663 3664 -7634
3664 3665 1835
3665 3666 7754
3666 3667 -6827
3667 3668 2532
3668 3669 7556
3669 3670 9550
3670 3671 -4502
3671 3672 2146
3672 3673 -9329
3673 3674 9771
3674 3675 963
3675 3676 -270
3676 3677 3867
3677 3678 -5698
3678 3679 -4203
3679 3680 -4043
3680 3681 3163
3681 3682 -4309
3682 3683 -6057
3683 3684 -570
3684 3685 1182
3685 3686 8832
3686 3687 7990
3687 3688 148
3688 3689 2682
3689 3690 9907
3690 3691 3261
3691 3692 -3096
3692 3693 -1005
3693 3694 4244
3694 3695 -6539
3695 3696 -8425
3696 3697 6225
3697 3698 -7778
3698 3699 -109
3699 3700 5530
3700 3701 -5398
3701 3702 -8816
3702 3703 5166
3703 3704 5777
3704 3705 -587
3705 3706 -4476
3706 3707 -2094
3707 3708 -8172
3708 3709 -7543
3709 3710 -9214
3710 3711 9659
3711 3712 -4496
3712 3713 -9719
3713 3714 9143
3714 3715 -4661
3715 3716 2910
3716 3717 2017
3717 3718 212
3718 3719 -613
3719 3720 -4082
3720 3721 7770
3721 3722 168
3722 3723 8889
3723 3724 -4144
3724 3725 -9318
3725 3726 7198
3726 3727 6386
3727 3728 -89
3728 3729 -1037
3729 3730 -8641
3730 3731 6850
3731 3732 3888
3732 3733 -2321
3733 3734 4931
3734 3735 -2197
3735 3736 -6922
3736 3737 3208
3737 3738 -2589
3738 3739 6369
3739 3740 2338
3740 3741 4804
3741 3742 6323
3742 3743 7132
3743 3744 -4243
3744 3745 3023
3745 3746 -8470
3746 3747 -38
3747 3748 -6826
3748 3749 156
3749 3750 9698
3750 3751 -2649
3751 3752 1242
3752 3753 2986
3753 3754 -4384
3754 3755 4054
3755 3756 -1949
3756 3757 -4955
3757 3758 3668
3758 3759 4699
3759 3760 -3067
3760 3761 3270
3761 3762 -7768
3762 3763 1885
3763 3764 -7460
3764 3765 5809
3765 3766 7032
3766 3767 -4986
3767 3768 -3736
3768 3769 -2919
3769 3770 -7685
3770 3771 -8698
3771 3772 -7089
3772 3773 -9268
3773 3774 -2628
3774 3775 7268
3775 3776 7549
3776 3777 -1962
3777 3778 -3449
3778 3779 5237
3779 3780 -9929
3780 3781 -5372
3781 3782 9351
3782 3783 2942
3783 3784 7088
3784 3785 8305
3785 3786 -9055
3786 3787 -4538
3787 3788 1275
3788 3789 -8787
3789 3790 -8795
3790 3791 9891
3791 3792 6191
3792 3793 8053
3793 3794 -6218
3794 3795 5050
3795 3796 7806
3796 3797 -4635
3797 3798 170
3798 3799 -8099
3799 3800 3526
3800 3801 4007
3801 3802 -2480
3802 3803 -157
3803 3804 1308
3804 3805 -9449
3805 3806 6413
3806 3807 -2089
3807 3808 2613
3808 3809 -8528
3809 3810 -9527
3810 3811 -402
3811 3812 9164
3812 3813 -4106
3813 3814 9888
3814 3815 -7753
3815 3816 9571
3816 3817 7853
3817 3818 -6517
3818 3819 9453
3819 3820 -6048
3820 3821 8156
3821 3822 -9095
3822 3823 -6238
3823 3824 -5082
3824 3825 5250
3825 3826 3739
3826 3827 -3596
3827 3828 4991
3828 3829 -5975
3829 3830 -87
3830 3831 4647
3831 3832 -102
3832 3833 1926
3833 3834 1432
3834 3835 9923
3835 3836 9164
3836 3837 7712
3837 3838 -2447
3838 3839 4353
3839 3840 -2801
3840 3841 6665
3841 3842 7260
3842 3843 7958
3843 3844 5412
3844 3845 8195
3845 3846 2206
3846 3847 1864
3847 3848 8762
3848 3849 -9576
3849 3850 1916
3850 3851 9156
3851 3852 3385
3852 3853 6067
3853 3854 -2358
3854 3855 2249
3855 3856 6619
3856 3857 7725
3857 3858 2704
3858 3859 -260
3859 3860 -8496
3860 3861 -1445
3861 3862 2924
3862 3863 1011
3863 3864 -4794
3864 3865 -7007
3865 3866 -3631
3866 3867 -815
3867 3868 3210
3868 3869 -160
3869 3870 -4557
3870 3871 2804
3871 3872 -9907
3872 3873 -5450
3873 3874 -1203
3874 3875 -8284
3875 3876 4069
3876 3877 -5047
3877 3878 -9378
3878 3879 -6532
3879 3880 -7329
3880 3881 9088
3881 3882 8761
3882 3883 -5869
3883 3884 7278
3884 3885 -252
3885 3886 8763
3886 3887 9433
3887 3888 -2317
3888 3889 -3412
3889 3890 -1272
3890 3891 -9994
3891 3892 -5347
3892 3893 6776
3893 3894 -6622
3894 3895 8351
3895 3896 3422
3896 3897 4213
3897 3898 -942
3898 3899 -9096
3899 3900 -2713
3900 3901 8932
3901 3902 -1399
3902 3903 4335
3903 3904 -9105
3904 3905 9406
3905 3906 -3766
3906 3907 227
3907 3908 -3207
3908 3909 4832
3909 3910 -6437
3910 3911 2217
3911 3912 -8464
3912 3913 -3889
3913 3914 179
3914 3915 -2204
3915 3916 3780
3916 3917 1157
3917 3918 -587
3918 3919 -8426
3919 3920 -30
3920 3921 -9212
3921 3922 -1007
3922 3923 1838
3923 3924 930
3924 3925 5555
3925 3926 6371
3926 3927 -4427
3927 3928 -2215
3928 3929 -5751
3929 3930 879
3930 3931 -1143
3931 3932 1494
3932 3933 -1286
3933 3934 1626
3934 3935 -972
3935 3936 4755
3936 3937 -1125
3937 3938 -8302
3938 3939 85
3939 3940 922
3940 3941 -5089
3941 3942 2368
3942 3943 -9331
3943 3944 5557
3944 3945 2057
3945 3946 7209
3946 3947 5974
3947 3948 -3612
3948 3949 -5980
3949 3950 -763
3950 3951 8705
3951 3952 5582
3952 3953 5996
3953 3954 8694
3954 3955 -9633
3955 3956 650
3956 3957 -2023
3957 3958 5856
3958 3959 1588
3959 3960 471
3960 3961 -5364
3961 3962 -288
3962 3963 -2028
3963 3964 -2706
3964 3965 1975
3965 3966 761
3966 3967 8195
3967 3968 -3353
3968 3969 7545
3969 3970 -5368
3970 3971 9518
3971 3972 4054
3972 3973 6661
3973 3974 9602
3974 3975 -1288
3975 3976 2157
3976 3977 8485
3977 3978 -3870
3978 3979 -4678
3979 3980 -6586
3980 3981 6419
3981 3982 -5745
3982 3983 -7769
3983 3984 -5812
3984 3985 -5249
3985 3986 -3235
3986 3987 333
3987 3988 6452
3988 3989 -7944
3989 3990 -8585
3990 3991 -1424
3991 3992 -3191
3992 3993 2382
3993 3994 -4473
3994 3995 6898
3995 3996 -690
3996 3997 6112
3997 3998 6349
3998 3999 -6603
3999 4000 -8274
1 1048 -1198
8 620 5284
14 1031 -2715
20 3879 -9761
26 2770 -9242
27 1149 5018
29 186 -8030
30 732 -9954
35 3619 -4780
37 2731 3407
38 1932 -5087
41 1844 -7151
42 176 9149
46 696 -7133
49 503 1751
52 1804 1312
58 332 8356
70 2650 6800
72 1269 -6618
75 3962 -2733
76 109 5167
84 301 8713
94 270 9207
96 1716 3675
97 3322 4968
98 2339 -6528
100 3654 3305
103 2626 -6796
107 2195 -6416
110 3178 -8176
113 1364 7816
117 910 -3033
118 404 -494
130 1697 523
131 2146 -3765
134 1888 5123
135 187 9846
141 2635 6043
150 372 -4034
153 622 -5484
154 2999 4857
156 1457 810
157 756 132
160 228 -6488
164 3660 -3063
168 1522 -805
170 3108 -186
173 234 3547
174 3047 6599
176 3610 4798
180 3 5456
181 2247 -3427
182 3638 -7603
187 3452 -9541
192 3691 -9731
195 2254 5991
197 1823 6709
198 1899 -2836
200 769 -8013
207 3240 8835
209 3829 889
210 1005 3185
213 3878 6254
215 1612 -7155
220 175 7009
229 3317 -1011
231 1325 -2166
232 2009 -7108
234 1946 -2608
236 3517 179
239 1410 -996
240 3107 5235
241 1099 -8219
243 2274 9202
245 447 -1399
247 3216 1790
248 102 5622
250 1208 -2644
251 3759 9086
252 671 -919
253 1945 -6546
254 3616 4372
257 783 -5082
258 2125 -5382
260 2171 -1978
266 2036 1951
274 1354 -1102
278 3876 1488
284 1288 -3876
286 1354 -8593
289 878 6386
295 2650 -5916
298 3518 -1195
303 2718 7487
306 2208 -8700
307 3459 4364
314 144 7022
318 1479 7120
320 2313 8117
324 3290 -8007
326 2199 -8001
328 1580 7417
329 911 4414
335 259 -7986
337 318 -4456
340 384 -3329
341 1725 -8185
344 2181 3032
345 3801 8326
346 3120 -2370
350 2956 -7823
359 1407 -4688
360 1453 -1387
368 3062 -1924
377 1071 4876
378 1464 -4841
385 1623 1266
387 238 4759
391 2307 -8124
392 1994 -946
396 616 -6336
399 859 3675
401 3757 -4790
404 3897 -5363
405 454 -608
408 3372 -910
411 1900 2114
412 2930 -5268
418 1043 -2712
420 3232 -986
421 2431 8284
426 762 6723
434 1371 9241
439 492 408
441 1315 -2824
443 2688 2639
446 1114 -7557
452 2687 -6011
458 1268 8225
461 76 -4226
465 3433 -9593
467 286 -1361
470 2668 4272
475 2995 1101
482 2031 -167
486 3034 8014
493 3976 1299
495 1496 7748
499 1098 4175
500 3900 2560
503 2346 -7292
507 141 -8561
512 2772 6231
513 1788 7544
517 2021 8900
526 2935 -2790
529 85 -8624
532 1951 -3265
536 260 -1077
538 896 7769
539 3073 4079
545 1087 7229
546 38 6396
547 3561 -5279
549 230 -5799
550 3016 -1031
554 3793 6167
555 499 -6916
557 2868 -9514
559 2957 -581
563 2915 -1228
564 2873 -9850
567 661 1425
568 503 -7476
570 1870 -2281
573 1491 7090
575 2740 -9120
579 3212 1404
580 1487 -26
583 654 -4052
584 214 550
585 1816 4071
591 1718 4176
592 2650 -168
595 3883 19
602 2991 6829
608 2885 -2133
610 3906 5573
611 2821 -4812
614 3942 -1525
617 2508 -5664
618 793 8945
621 1967 3201
624 428 -7281
631 2737 -2143
633 1934 6451
634 3070 -2986
635 55 6159
637 2497 -9249
638 3710 -1692
649 1822 -5452
650 3636 2997
652 3029 -9150
654 1243 -4939
662 1703 2997
664 2624 -15
669 2691 -5443
670 1117 4160
674 465 -2609
675 85 -7871
676 2554 7296
678 3773 -2646
679 2294 3236
680 2488 116
682 2708 1609
686 1234 3737
688 1413 4459
689 1519 -9031
692 3186 -2775
695 1086 -9679
696 996 -9070
697 3307 9455
700 2953 -1136
701 86 2757
709 277 983
714 3922 5640
715 1549 -7275
721 2221 4970
723 2441 7398
724 2976 1553
725 3687 -4348
728 3850 -7330
729 458 -4895
732 689 -2049
733 1606 637
737 3123 7883
741 2206 -8300
743 3948 -9467
746 2884 -7055
752 1440 4655
754 1369 -9407
755 3756 -6198
758 2436 -8606
759 1266 -5450
761 1153 -1613
762 1033 -3663
763 3952 4664
765 561 -6845
766 955 1702
778 2764 6496
787 3564 -8722
793 1707 -405
800 3440 3871
802 3387 3579
808 3238 -1638
809 3508 -7747
814 1436 -1790
815 782 5841
816 3123 -7874
817 3050 -9235
823 2568 3345
824 2847 4017
830 1886 -2524
836 1735 4670
838 1852 -5408
840 3928 4947
841 2393 9812
844 3562 -7074
845 1169 8066
848 1621 -4792
849 1222 -2426
851 1605 4720
855 366 5780
859 2025 5485
860 618 -3857
863 1584 -7449
866 3203 6058
867 167 -8648
868 1177 -8219
870 227 -3953
875 1079 970
877 3713 9126
880 3152 8070
885 1094 -3327
886 708 -1863
889 563 7127
890 1592 3411
893 3723 2248
897 2583 -8097
901 2712 1968
902 694 8900
906 3429 5918
907 3992 -4194
909 390 6747
914 2448 -8164
917 3045 -6637
919 2367 -584
922 3255 -362
929 2659 9703
930 2174 -5451
936 2793 -9128
938 1894 3730
939 741 -765
940 2888 4250
944 1812 6568
945 302 -5478
947 320 2702
948 2972 6243
949 1816 8376
951 957 9732
952 2789 5295
953 1294 -4947
954 3498 1831
957 2762 -4312
958 989 -4198
959 1277 -6954
964 1544 8462
967 361 203
970 2358 407
971 2274 -290
972 3243 9614
976 1621 -6995
979 3544 970
980 3385 1023
985 1570 -8924
988 3549 8718
990 3389 -6189
991 3954 -8178
993 206 9344
997 2194 -9753
1000 3158 -3481
1001 2506 -2373
1005 3278 -8841
1007 2210 1759
1011 2622 -5980
1012 2536 9124
1013 1849 5805
1014 1637 -4913
1016 3869 2176
1018 2926 -7870
1026 1962 -120
1027 19 -9746
1028 384 4539
1030 2506 8408
1031 62 1767
1033 3397 -684
1034 131 3613
1039 1118 -9900
1045 982 -3311
1049 3 -6304
1050 1085 -352
1053 1104 8038
1054 2080 5006
1055 3663 -7850
1057 935 -5782
1058 334 -9632
1059 3726 360
1061 1229 -8857
1066 1563 1187
1068 3314 -2605
1069 1196 8826
1071 3655 4117
1073 3982 -3630
1074 3886 -9577
1075 3091 -5635
1076 2951 -3396
1078 1911 7508
1084 24 -2629
1085 3654 -431
1087 160 4830
1088 174 -1415
1089 2468 3699
1091 3825 3625
1092 602 -6036
1096 2722 -8852
1102 2265 -6483
1104 3900 -4542
1109 540 6858
1113 3089 4129
1115 1765 -815
1118 174 -6808
1119 2030 -4105
1120 2544 8687
1130 1859 -2466
1132 896 5204
1136 243 3619
1140 1255 1753
1142 911 -3231
1148 2796 9921
1150 1701 6252
1154 461 -6523
1155 278 2814
1156 3976 4812
1158 3368 -9306
1162 2827 4854
1164 424 9728
1169 3938 -2720
1170 2828 -8557
1172 3770 -1571
1174 2107 -3063
1175 260 -6292
1177 2520 -3305
1180 2598 -3381
1181 784 -3603
1184 1328 2288
1186 67 -7973
1187 227 -6736
1189 1019 -4009
1190 202 -486
1198 834 -8627
1207 2673 2177
1208 1714 -2507
1210 2653 -8206
1212 3284 741
1216 741 -1087
1221 3275 6163
1223 736 4238
1226 3541 3330
1230 3292 -1205
1232 1553 -8634
1234 2802 -4378
1237 3923 -9514
1241 2719 -4763
1242 57 -3050
1244 2098 -98
1245 1765 -9062
1246 870 -5610
1250 2401 -1307
1259 193 2305
1262 3621 9498
1268 1232 -318
1273 3687 1171
1274 1390 4487
1275 520 -7003
1276 1473 6729
1281 1480 -5684
1283 3093 -7807
1290 1568 -1049
1292 167 -1711
1294 3308 5633
1296 652 -4386
1298 587 2336
1303 2387 1245
1306 3170 1114
1307 1474 -8532
1308 447 -8183
1309 1732 -545
1312 634 -7617
1313 1062 -2791
1315 2742 2993
1316 645 2018
1317 3242 5805
1322 2075 -2654
1323 1037 -1368
1325 2632 -1260
1329 3109 -481
1330 652 -235
1334 964 1943
1341 3717 9223
1344 2715 -4224
1346 3111 -1353
1349 1873 4813
1352 2651 4454
1354 3101 2138
1355 1438 4812
1357 3063 -113
1358 325 1325
1359 2029 853
1362 452 5356
1363 3782 -1571
1364 776 4624
1365 2830 -1096
1366 2243 7488
1368 2101 7650
1374 82 -1833
1379 59 -577
1381 1991 5535
1391 1622 9707
1392 3946 -3484
1393 1934 -2716
1394 2467 -9926
1395 1389 2591
1399 3399 -892
1401 502 -2470
1404 1747 9848
1405 3539 -3155
1406 1998 1751
1408 3997 -1885
1411 640 -8506
1415 2715 9318
1421 3022 3101
1424 3921 -7621
1425 653 -2826
1426 123 2503
1430 2670 2369
1433 1666 -6270
1439 2381 2718
1445 1108 5859
1446 2274 -1039
1447 740 1510
1448 689 5908
1449 3378 -5289
1454 1680 1076
1455 435 -1634
1457 187 -4574
1463 3658 -1640
1465 2512 -2949
1466 1312 -9772
1468 2088 4124
1472 1493 6486
1474 634 -3319
1477 3836 -4123
1478 3071 4247
1482 540 6883
1483 2214 -9683
1484 1102 4177
1485 2217 -3576
1486 3918 8309
1487 2045 -6176
1491 1342 -7048
1494 2922 -5622
1495 1299 4138
1497 1914 -9910
1498 3445 -7931
1499 3892 5499
1501 3828 5894
1507 3416 -614
1509 32 -6368
1511 3686 -6495
1513 971 869
1515 2288 -3229
1520 2293 -4203
1521 1327 -742
1529 3344 88
1534 1640 194
1536 3906 -1415
1538 1380 301
1542 11 -8839
1543 159 -4963
1550 665 -2806
1551 235 3060
1552 114 6608
1554 802 -9760
1560 212 -5517
1561 2046 -1494
1563 3161 4226
1570 2098 -6107
1571 858 -7426
1576 2839 4555
1579 2089 6525
1580 3885 -8997
1586 1956 1277
1589 1953 -8060
1592 435 -8798
1594 1781 -2791
1600 100 -9779
1601 1723 -3567
1602 1720 -8453
1603 407 -1369
1605 1239 -6519
1608 3578 -2879
1611 14 5410
1613 773 -4643
1614 1705 1813
1615 3417 4771
1616 1519 -4695
1617 139 1733
1625 2005 -5935
1627 2185 -2776
1628 169 3548
1629 538 -428
1632 2296 -8767
1633 2178 1443
1637 3713 7189
1639 871 6139
1640 10 1684
1642 612 -5139
1648 2284 3782
1649 1636 2150
1650 2771 8220
1651 886 -9144
1652 1122 -5164
1657 742 -8699
1662 2259 4602
1672 2498 -6946
1675 3332 5724
1676 3619 -2213
1678 3427 -6448
1683 1790 725
1687 3778 7144
1688 2877 -8400
1690 2004 3613
1691 532 -5018
1692 304 -4614
1694 3516 -1557
1696 62 7868
1697 2966 -6994
1698 1054 -2268
1700 1011 2504
1706 380 2089
1707 1 -8919
1713 34 9832
1718 815 -17
1723 1129 4029
1731 114 -2563
1734 2506 -1706
1737 2546 6702
1738 124 4680
1742 3198 8295
1743 2972 -6279
1748 754 9263
1752 1919 -4401
1754 814 730
1763 3703 -8267
1764 276 -3022
1768 2247 -6360
1776 1075 -6142
1793 3664 6959
1797 3396 6251
1801 2851 -9153
1807 1009 6883
1811 2760 7839
1814 461 -9991
1816 1729 3743
1817 2653 6894
1818 1383 2909
1819 3423 7780
1820 1576 8207
1821 3197 5782
1822 1878 2827
1823 692 -3286
1828 2977 9994
1832 829 8266
1833 2587 7405
1841 1899 856
1855 2579 8683
1858 3500 8895
1862 1630 -5929
1864 2694 -5330
1867 1477 -7551
1869 3573 -2710
1872 549 4591
1873 1571 1
1874 2150 8261
1876 2545 1584
1881 235 9547
1887 70 -6884
1888 1993 -4257
1890 202 -8806
1898 215 1604
1900 1253 1219
1904 2166 -504
1906 1420 -6218
1907 1334 8370
1910 1450 -9184
1913 1742 7004
1920 1962 4117
1927 2777 -7052
1933 623 -9504
1935 1890 -4421
1940 3032 2493
1941 3211 9165
1942 2177 -8088
1946 962 -6353
1948 2372 4852
1949 2909 4733
1950 2500 -6644
1951 2907 -6755
1952 2377 8248
1953 12 959
1954 6 -9262
1956 1854 -5944
1957 1392 -4965
1960 846 -2850
1967 806 -1432
1969 3491 9092
1970 222 1237
1971 1247 6946
1973 212 7904
1974 1536 -359
1975 513 -1811
1980 2019 5160
1985 2673 -9831
1986 321 -8859
1988 525 -9192
1989 756 -1128
1991 1592 3866
1994 1436 6785
1997 1963 -4424
2000 3998 7497
2001 490 5384
2002 547 5165
2010 2589 -1541
2014 1720 -7354
2018 3603 -2923
2029 1495 -7780
2032 2887 -620
2033 438 -7302
2034 54 -137
2035 3471 4431
2036 835 426
2037 2722 2426
2039 345 -5543
2042 2110 -4335
2043 3272 5817
2044 3726 8623
2046 837 8529
2048 2944 4253
2049 721 9418
2057 1040 -2950
2061 1700 7458
2066 2866 5539
2067 299 -3896
2069 1260 5375
2072 1155 -3278
2073 1702 8938
2074 2450 -9952
2078 3959 -5849
2083 260 4520
2085 1764 -2473
2090 3824 -1556
2093 2262 4302
2095 3621 3610
2097 1718 3353
2100 1136 -2767
2104 3646 -6867
2106 2895 8799
2109 1276 -6889
2110 3212 -6368
2112 2540 -3138
2114 2035 6042
2115 3017 -847
2120 3321 -2962
2124 1255 8500
2125 1352 -9782
2130 1680 -9243
2131 125 1225
2140 612 -9961
2141 1444 2826
2142 3820 -8993
2145 23 4717
2150 3215 -5369
2151 3346 8292
2152 2699 -3182
2153 3056 784
2155 2585 -2783
2160 752 3302
2162 3279 5245
2165 1887 -9818
2166 3011 -6625
2173 2437 -6050
2178 3916 6872
2194 609 405
2196 2498 6182
2199 292 9222
2201 880 6594
2203 1474 4446
2210 2434 -3504
2211 2550 -9494
2212 2359 8175
2213 3147 7528
2214 2704 -3930
2215 2616 8749
2218 86 6137
2222 3358 -6299
2224 548 2740
2231 573 6212
2232 2464 272
2235 2637 -8293
2236 2805 2295
2240 66 5597
2241 895 -1770
2242 292 -3652
2243 2543 -5140
2247 114 -1277
2248 1890 9755
2250 82 2949
2251 2179 -3333
2259 3338 -581
2266 1566 3186
2268 963 5983
2272 173 -3697
2273 3254 -7424
2274 2361 5176
2275 658 -6278
2277 2430 9467
2281 2868 225
2284 1659 6415
2285 1628 8200
2286 3937 -5541
2290 2639 1959
2297 3578 7675
2298 270 -3446
2306 3572 2685
2312 2798 -3548
2314 2462 6854
2319 3757 1147
2322 3289 -8727
2326 510 3161
2330 2882 -2126
2331 1832 -1326
2333 938 -8240
2335 419 -8434
2337 3960 6606
2338 3121 3320
2340 520 -4064
2342 850 7060
2347 215 9694
2348 3097 5498
2356 2278 -613
2357 48 -8324
2358 3645 4597
2365 1862 5960
2369 2890 6171
2373 3686 7435
2374 1317 -639
2378 208 4717
2379 3669 -404
2382 2636 -3923
2383 930 -2941
2384 674 7483
2390 3755 -5426
2391 1147 -2768
2393 884 -9883
2395 901 3146
2396 3551 -1878
2398 2234 -778
2400 692 -1739
2403 3313 -2527
2408 3272 -9154
2411 485 -9283
2412 1215 6955
2414 1021 390
2416 205 7338
2421 1795 3630
2422 1504 -8442
2429 2133 8399
2432 1551 -6389
2435 3034 -6225
2437 1579 2157
2439 1466 -9028
2442 2566 -6410
2443 938 -6353
2446 3784 531
2447 940 -9617
2451 2106 -6365
2454 202 4883
2457 3696 2882
2460 582 -7445
2462 1175 -1080
2463 3020 -2747
2464 1074 -9350
2470 3026 4275
2471 2975 -6075
2474 3811 -7042
2476 2859 -6008
2479 1540 -5160
2483 961 9440
2486 2035 -1606
2487 565 958
2488 658 -3172
2491 1794 -388
2493 1961 -4799
2498 3624 -9704
2499 2534 -8334
2500 2603 -8598
2501 3640 4863
2513 633 -2855
2516 709 -4608
2521 1366 1691
2524 1891 -582
2525 683 -8572
2531 2753 -1735
2537 3096 7311
2545 3893 -133
2547 1834 5205
2549 47 -2539
2553 1230 -2459
2554 1791 -2930
2558 3982 -9793
2561 2646 -1613
2564 1645 -9535
2566 1729 1444
2568 3960 -3175
2569 3110 -4208
2570 1244 3004
2572 1244 5850
2575 3384 -8921
2578 2870 -6743
2582 1257 -5762
2584 1456 -5490
2587 1892 -9333
2592 1658 -5719
2595 2744 -7634
2596 811 -5869
2598 2555 -2003
2603 806 -8144
2611 2133 -501
2616 451 496
2620 2035 -6687
2621 2188 -77
2625 2309 -9862
2628 1888 -7409
2630 102 6806
2634 2499 9136
2637 1727 -1697
2640 825 -6145
2642 2812 5934
2643 3406 3612
2645 725 -5293
2651 1708 8863
2653 779 8408
2658 896 -140
2660 1282 -1534
2663 3253 -5941
2664 443 9261
2672 1997 9578
2675 1729 -2798
2677 8 5367
2680 1945 -7340
2682 3955 -111
2691 2313 3544
2697 1046 -3274
2703 400 -9859
2706 917 7232
2718 238 -3338
2721 886 5344
2727 1698 -5436
2729 1899 -8875
2730 739 6703
2731 1344 5846
2737 632 -4370
2738 3080 8134
2747 1465 4200
2753 3890 2999
2755 594 7028
2760 742 -6798
2761 2688 8658
2763 1806 -3402
2766 3848 -7902
2771 1949 -6687
2772 741 1309
2773 691 864
2775 2932 9028
2777 2080 4883
2778 801 -7238
2779 2991 1759
2781 2202 -7781
2789 1952 6752
2790 3520 1917
2793 3500 -8297
2797 2092 8736
2798 989 3594
2800 667 4956
2801 114 5939
2802 1804 -7922
2805 3719 8406
2807 1980 -118
2815 138 1961
2816 2661 85
2823 2993 7416
2825 3907 -473
2826 1410 2993
2828 2293 -5795
2829 1924 4878
2833 2277 -7322
2834 1258 -1357
2839 2219 -5481
2844 264 462
2849 2951 3200
2851 1339 -8693
2856 3652 1475
2858 1854 9350
2861 627 2455
2863 1726 -950
2865 1787 -1172
2866 1040 -2568
2867 616 7351
2870 3133 1672
2872 272 -6669
2876 1362 5838
2881 2102 2150
2883 57 -4626
2885 2018 -8148
2886 2065 1123
2890 1823 9118
2892 2496 8462
2896 1088 9553
2898 749 1933
2899 1326 -516
2903 1798 -9171
2906 449 5455
2913 3113 8953
2918 3673 9994
2920 1270 -3711
2922 459 5317
2924 1617 6910
2925 2761 -7651
2926 12 9616
2931 824 8090
2932 3047 5783
2933 2014 4362
2935 77 -7746
2939 1163 8481
2940 144 8772
2942 3623 9035
2943 3942 -7845
2944 57 2250
2946 612 -5307
2949 168 -5186
2953 970 7976
2955 2279 -7904
2956 2976 6642
2958 994 -7491
2960 2354 7156
2965 1347 4186
2968 1543 6031
2975 2719 759
2979 3743 -3932
2988 623 -187
2990 2230 5858
2993 1343 2140
2994 3558 -238
2996 625 -2296
2999 3001 1172
3001 3555 2001
3009 793 -5907
3016 1032 6324
3020 403 -8613
3021 3041 451
3029 3186 -5637
3030 2971 -1031
3033 689 8062
3034 2210 7401
3037 2578 -4823
3038 46 -7665
3042 2367 6272
3049 2235 5789
3051 1091 8349
3057 3768 6019
3058 422 -6727
3059 1784 690
3060 981 353
3064 850 6053
3065 903 7147
3071 104 -4916
3075 306 -4801
3077 964 4345
3081 2997 1979
3083 3259 -645
3084 635 -7316
3090 922 -8909
3092 3529 498
3095 2063 -6400
3097 347 -6922
3104 246 -5599
3106 793 -6285
3108 2817 4876
3111 2593 3619
3112 3770 -4
3114 2032 -7272
3117 3283 6756
3119 2853 -1408
3120 3612 -2675
3121 2553 2756
3122 1903 4949
3125 3464 6324
3126 743 4872
3128 373 -7460
3129 1499 -2413
3133 2108 6333
3134 1676 -423
3135 1688 -6742
3143 1919 9363
3144 1837 -1631
3150 3851 2282
3151 466 5914
3152 3402 -1188
3153 3567 -8102
3156 1369 9934
3157 2648 -4184
3158 3717 70
3160 1560 -4799
3162 2958 7307
3167 2088 -8115
3169 956 498
3171 1889 7825
3177 1034 6645
3180 597 4427
3183 2708 -9592
3186 1005 3788
3187 608 -7796
3189 3422 -8154
3190 3373 -4045
3191 3415 7676
3200 2269 7260
3201 1552 7822
3205 3515 -8099
3206 748 -445
3208 873 -3624
3211 2965 9749
3214 3181 4816
3216 3576 -4291
3217 3986 -5153
3222 784 1276
3223 3477 -278
3226 781 5064
3229 1100 3374
3231 2972 -5124
3232 2548 2112
3235 1848 -4739
3240 941 -1252
3241 375 -9486
3242 1605 -4831
3243 3925 4954
3244 1235 -3372
3245 1034 1825
3246 277 -5338
3252 1523 -178
3253 1717 6053
3254 1600 -7222
3265 3471 7065
3266 437 -5608
3267 289 7815
3273 3465 127
3275 1708 3785
3280 1887 9570
3283 712 9421
3291 756 -3129
3293 2811 5297
3296 1322 9451
3297 2277 5058
3300 1876 -3421
3304 1597 9608
3307 638 -3727
3309 1673 2901
3313 1408 -2170
3315 892 -9882
3317 3351 -2216
3320 3627 -6219
3328 3772 -4998
3330 1368 5428
3336 1088 -1015
3341 3691 -3396
3344 2105 7101
3345 2335 -2067
3346 1980 6522
3350 3090 4579
3354 3407 8639
3358 3695 553
3363 3204 -6525
3364 189 7307
3365 458 4820
3370 371 -5600
3372 3891 -5182
3375 915 2327
3385 1275 5712
3389 2217 3470
3391 3665 6766
3392 1851 5973
3394 2593 -8586
3398 2652 -7805
3403 2729 -4269
3404 3585 5202
3405 54 -6695
3407 2468 3607
3411 131 7481
3412 2900 -3802
3415 2650 -5864
3416 3937 5041
3418 991 -9547
3420 3895 4331
3421 3996 3382
3423 1607 -8694
3425 292 4850
3427 3884 -9337
3431 2197 8306
3433 3625 5451
3434 262 6678
3436 2925 2487
3439 3607 3164
3441 2307 -8101
3442 3819 8492
3444 3649 3018
3447 2189 9889
3449 1772 1356
3455 3096 3885
3466 894 -6030
3467 3981 8722
3475 2308 -1322
3479 3205 -7781
3490 61 -3482
3502 209 7352
3504 2453 -3673
3507 2967 9804
3513 1200 -4166
3515 2083 -4567
3517 2931 -4829
3520 123 -7410
3523 980 -9378
3528 605 -8942
3535 3125 7861
3537 806 -7643
3539 2374 5903
3542 845 -2928
3543 2685 -2177
3544 473 -4977
3549 2940 -8595
3551 2910 7769
3555 1589 3391
3560 637 -4688
3561 3404 8136
3565 523 249
3566 3490 -2060
3570 791 -2307
3574 3395 3582
3575 3233 -750
3576 1590 1693
3580 1354 -3712
3581 3454 -7576
3585 778 4300
3588 3899 2138
3589 3898 231
3594 468 8810
3601 970 339
3603 297 5845
3609 3288 3581
3611 2667 -3342
3616 2091 -4936
3617 346 3335
3619 1868 -4848
3620 882 -1558
3621 2683 2255
3622 2016 -784
3627 2162 -2350
3629 653 8475
3630 1474 8152
3638 622 -3853
3639 1050 6253
3640 2912 -9131
3643 319 -2100
3648 2878 1156
3653 5 -643
3656 3314 -854
3657 1851 -1338
3659 1924 3729
3665 3609 1003
3673 1887 1319
3680 3945 4608
3681 2070 492
3682 3363 -4767
3685 391 4576
3687 1167 7232
3700 258 708
3711 1213 236
3714 2653 4037
3718 2605 -6750
3722 3001 -5689
3726 3546 1298
3732 2406 5624
3733 1615 -7473
3735 1908 -878
3739 381 6254
3744 2332 9786
3753 2434 3253
3757 1054 -117
3759 1088 -6287
3760 3702 6487
3764 2587 -3948
3765 1904 -8047
3771 1376 3669
3772 2394 -5971
3778 926 3099
3784 2338 -1058
3789 1360 -4897
3790 3615 -6457
3792 567 9724
3795 3930 -2167
3798 3690 638
3800 979 -4922
3805 1574 4468
3806 3609 -1790
3808 2562 -241
3809 690 -4106
3811 3228 1666
3812 906 -3619
3815 2312 4358
3819 2608 -1749
3831 1589 8988
3832 2530 -3840
3833 893 -9590
3837 2108 4840
3840 177 -2902
3841 2707 1256
3843 2644 82
3848 2023 -2130
3865 2523 -2333
3869 1918 -3804
3870 1485 8741
3871 2085 -9919
3874 1850 -9548
3875 2475 6307
3876 3450 5260
3880 3081 -8063
3883 2250 -2053
3886 1927 -2817
3887 3660 -7465
3890 3733 483
3900 3494 -2736
3901 1371 -4501
3902 613 -9082
3906 3758 -7167
3907 190 9723
3908 211 7077
3911 3357 8009
3912 2087 7172
3916 2595 -1498
3921 326 8044
3923 2511 -929
3927 3160 -1338
3929 1553 1400
3930 2237 5290
3931 816 -5625
3935 2657 5486
3939 645 429
3940 3415 -8350
3941 3610 -6765
3948 1221 800
3949 2290 -3127
3959 1175 -9033
3962 2559 4778
3965 1266 -6685
3972 330 6153
3974 1555 9579
3975 3920 -6936
3983 2503 -5046
3989 1547 1281
3992 2404 8477
3995 2217 -9777
3998 1094 9565
3999 1413 4930
