800 1050
1 2 5954
2 3 6504
3 4 -4262
4 5 4804
5 6 -9995
6 7 -2443
7 8 -2228
8 9 -4727
9 10 9906
10 11 668
11 12 4383
12 13 -512
13 14 -8535
14 15 2768
15 16 784
16 17 8359
17 18 8154
18 19 6654
19 20 -4660
20 21 -7210
21 22 6325
22 23 -570
23 24 3306
24 25 149
25 26 -376
26 27 1191
27 28 -3956
28 29 5389
29 30 2877
30 31 -2015
31 32 -3105
32 33 6110
33 34 4711
34 35 -1905
35 36 -1043
36 37 -6692
37 38 8203
38 39 -678
39 40 1199
40 41 3992
41 42 -4303
42 43 -4569
43 44 -4485
44 45 -3238
45 46 -5339
46 47 6444
47 48 2022
48 49 3672
49 50 -3089
50 51 3681
51 52 -9334
52 53 2630
53 54 -7136
54 55 -3505
55 56 5823
56 57 3272
57 58 8891
58 59 1101
59 60 -6002
60 61 -815
61 62 253
62 63 3561
63 64 -7544
64 65 9596
65 66 8425
66 67 -7640
67 68 8295
68 69 5562
69 70 9720
70 71 -1109
71 72 3034
72 73 2836
73 74 4365
74 75 1888
75 76 7215
76 77 -8110
77 78 6956
78 79 -2184
79 80 -579
80 81 -5500
81 82 4157
82 83 5089
83 84 2168
84 85 -8190
85 86 -9293
86 87 2832
87 88 4568
88 89 1857
89 90 2941
90 91 -2966
91 92 -203
92 93 -8043
93 94 64
94 95 4611
95 96 -977
96 97 8853
97 98 -4310
98 99 -2025
99 100 4909
100 101 9687
101 102 662
102 103 -1508
103 104 4441
104 105 -8242
105 106 -1058
106 107 5704
107 108 6775
108 109 -5833
109 110 -6837
110 111 -2006
111 112 -7985
112 113 5229
113 114 -8587
114 115 -185
115 116 -4225
116 117 3076
117 118 8475
118 119 -8976
119 120 7240
120 121 -244
121 122 4706
122 123 2504
123 124 -539
124 125 -8368
125 126 420
126 127 8148
127 128 9004
128 129 -4279
129 130 -7166
130 131 -1411
131 132 6334
132 133 3183
133 134 -7617
134 135 -9288
135 136 5018
136 137 -5601
137 138 -5785
138 139 -919
139 140 -3622
140 141 -381
141 142 5279
142 143 1947
143 144 3776
144 145 5889
145 146 -6315
146 147 8148
147 148 -9153
148 149 2467
149 150 1532
150 151 -4523
151 152 -6228
152 153 9388
153 154 -4802
154 155 -7463
155 156 1910
156 157 8815
157 158 4720
158 159 6428
159 160 -5341
160 161 -4663
161 162 -6661
162 163 2995
163 164 3150
164 165 3926
165 166 -8939
166 167 1295
167 168 -1347
168 169 8425
169 170 2403
170 171 -5298
171 172 607
172 173 -7469
173 174 463
174 175 -4075
175 176 -3253
176 177 -5383
177 178 4993
178 179 -4716
179 180 1774
180 181 -9167
181 182 -709
182 183 -4948
183 184 -8947
184 185 6951
185 186 -9082
186 187 3069
187 188 3516
188 189 2136
189 190 -4437
190 191 8619
191 192 9880
192 193 -2141
193 194 -3735
194 195 9095
195 196 1562
196 197 -5373
197 198 -9786
198 199 2313
199 200 -6858
200 201 6223
201 202 -840
202 203 9469
203 204 -1467
204 205 7342
205 206 -7010
206 207 4946
207 208 -3114
208 209 8509
209 210 -7146
210 211 9532
211 212 8877
212 213 4306
213 214 8353
214 215 684
215 216 -2914
216 217 7126
217 218 -8472
218 219 6773
219 220 9406
220 221 -8181
221 222 -3133
222 223 2481
223 224 -1685
224 225 6629
225 226 -9757
226 227 2884
227 228 -1478
228 229 1049
229 230 3952
230 231 8094
231 232 -6784
232 233 -5726
233 234 -2662
234 235 -6495
235 236 2215
236 237 -3363
237 238 -1182
238 239 5885
239 240 -7658
240 241 -8691
241 242 5497
242 243 6318
243 244 -6663
244 245 -9673
245 246 8205
246 247 -5170
247 248 6270
248 249 -9593
249 250 -3230
250 251 -50
251 252 5497
252 253 7076
253 254 -7224
254 255 8595
255 256 -506
256 257 7452
257 258 710
258 259 -5000
259 260 -5795
260 261 341
261 262 -9366
262 263 -9567
263 264 -6348
264 265 -5836
265 266 597
266 267 -7803
267 268 520
268 269 7785
269 270 -8328
270 271 9347
271 272 -2560
272 273 -5331
273 274 -6303
274 275 3780
275 276 -9746
276 277 -986
277 278 7606
278 279 -4542
279 280 -5260
280 281 -2288
281 282 -4611
282 283 -8489
283 284 -4807
284 285 -689
285 286 8638
286 287 66
287 288 -1527
288 289 9809
289 290 6164
290 291 -812
291 292 5445
292 293 6927
293 294 5735
294 295 -9835
295 296 -8967
296 297 6135
297 298 -4822
298 299 2342
299 300 -440
300 301 -8908
301 302 3423
302 303 -318
303 304 7980
304 305 -1759
305 306 6753
306 307 -4787
307 308 -1283
308 309 4144
309 310 -3288
310 311 -5850
311 312 3758
312 313 9168
313 314 2257
314 315 4720
315 316 1019
316 317 -3383
317 318 8734
318 319 6805
319 320 3243
320 321 1960
321 322 5836
322 323 2001
323 324 1962
324 325 -3152
325 326 -3913
326 327 521
327 328 4102
328 329 -8535
329 330 9962
330 331 -5296
331 332 -9267
332 333 8527
333 334 3756
334 335 -9587
335 336 -2641
336 337 -4152
337 338 -8161
338 339 8932
339 340 976
340 341 -909
341 342 9955
342 343 7348
343 344 -5392
344 345 2532
345 346 7720
346 347 -3411
347 348 4065
348 349 1937
349 350 -8966
350 351 3696
351 352 -3023
352 353 -1372
353 354 -604
354 355 -7294
355 356 908
356 357 -9515
357 358 1973
358 359 -6431
359 360 9465
360 361 -3573
361 362 2885
362 363 -4658
363 364 -3808
364 365 7214
365 366 6619
366 367 -8412
367 368 4236
368 369 5211
369 370 4585
370 371 -6296
371 372 -4843
372 373 -3994
373 374 -5683
374 375 -4329
375 376 6332
376 377 -9729
377 378 -3924
378 379 -6279
379 380 -9580
380 381 3096
381 382 -9179
382 383 -9955
383 384 2006
384 385 -9059
385 386 4835
386 387 9674
387 388 -2661
388 389 1094
389 390 3643
390 391 -2518
391 392 -2693
392 393 -2994
393 394 -4032
394 395 -6086
395 396 -7605
396 397 6419
397 398 9987
398 399 -8649
399 400 6877
400 401 7436
401 402 -5229
402 403 -7471
403 404 -5653
404 405 -4744
405 406 5021
406 407 4162
407 408 3928
408 409 -4722
409 410 8240
410 411 -9356
411 412 -5744
412 413 972
413 414 4263
414 415 2352
415 416 -6655
416 417 -5872
417 418 9293
418 419 2410
419 420 -3053
420 421 8462
421 422 5321
422 423 7659
423 424 9002
424 425 -742
425 426 7708
426 427 168
427 428 -6669
428 429 575
429 430 3390
430 431 -7212
431 432 -4965
432 433 3098
433 434 -7728
434 435 -3133
435 436 2496
436 437 -7435
437 438 -7794
438 439 -8685
439 440 5901
440 441 -6974
441 442 6822
442 443 6940
443 444 7839
444 445 1256
445 446 -7996
446 447 -4903
447 448 -7573
448 449 -901
449 450 -2897
450 451 6621
451 452 -423
452 453 95
453 454 8878
454 455 -6080
455 456 -7831
456 457 -6818
457 458 -794
458 459 969
459 460 -150
460 461 2959
461 462 -3227
462 463 -5959
463 464 -2931
464 465 952
465 466 2119
466 467 -6142
467 468 -3116
468 469 -1861
469 470 3828
470 471 6864
471 472 8433
472 473 1235
473 474 -2713
474 475 1156
475 476 9700
476 477 -8614
477 478 4000
478 479 8664
479 480 -8494
480 481 -3727
481 482 1516
482 483 3806
483 484 -8348
484 485 285
485 486 4239
486 487 -6396
487 488 -2856
488 489 6936
489 490 3996
490 491 8291
491 492 6205
492 493 -7780
493 494 -5984
494 495 5908
495 496 -9771
496 497 1129
497 498 -6791
498 499 7282
499 500 5184
500 501 -393
501 502 -1243
502 503 701
503 504 401
504 505 -8491
505 506 -971
506 507 8649
507 508 4217
508 509 -5237
509 510 8424
510 511 1676
511 512 6481
512 513 -6601
513 514 -6631
514 515 -1319
515 516 -1131
516 517 7722
517 518 -2254
518 519 9746
519 520 -2128
520 521 -3177
521 522 -9965
522 523 -7956
523 524 -3938
524 525 7457
525 526 -9117
526 527 -9107
527 528 5241
528 529 -9149
529 530 -2262
530 531 5357
531 532 3756
532 533 1668
533 534 8878
534 535 6647
535 536 280
536 537 3109
537 538 8443
538 539 -8977
539 540 112
540 541 5981
541 542 4914
542 543 -9534
543 544 2979
544 545 -7028
545 546 -4598
546 547 5366
547 548 -2722
548 549 2069
549 550 -36
550 551 1857
551 552 8820
552 553 6833
553 554 -9583
554 555 -7002
555 556 -1599
556 557 9527
557 558 -4385
558 559 110
559 560 6558
560 561 -946
561 562 6836
562 563 39
563 564 -7662
564 565 7716
565 566 4209
566 567 -4172
567 568 -6497
568 569 4571
569 570 2141
570 571 9045
571 572 3751
572 573 -1244
573 574 -6816
574 575 -2068
575 576 9163
576 577 -6603
577 578 -8218
578 579 -6613
579 580 6609
580 581 -3290
581 582 2147
582 583 9858
583 584 4960
584 585 4256
585 586 4099
586 587 231
587 588 -9615
588 589 3605
589 590 -6377
590 591 1365
591 592 5713
592 593 6740
593 594 -9026
594 595 -8385
595 596 -5034
596 597 -5282
597 598 -1118
598 599 -1518
599 600 5991
600 601 9644
601 602 -2309
602 603 -3137
603 604 4030
604 605 5709
605 606 5963
606 607 6121
607 608 -5786
608 609 7111
609 610 9467
610 611 3897
611 612 7902
612 613 7134
613 614 -1329
614 615 -8209
615 616 -5005
616 617 1890
617 618 245
618 619 -2701
619 620 -903
620 621 3690
621 622 -5444
622 623 7485
623 624 -6874
624 625 4664
625 626 -1639
626 627 -7033
627 628 8138
628 629 0
629 630 -1575
630 631 -4125
631 632 1590
632 633 -9200
633 634 -1479
634 635 -8488
635 636 -2719
636 637 4901
637 638 -3448
638 639 4937
639 640 5341
640 641 1293
641 642 -2019
642 643 -8724
643 644 -5023
644 645 -488
645 646 8565
646 647 -4001
647 648 3270
648 649 -8330
649 650 7702
650 651 4022
651 652 1076
652 653 9665
653 654 376
654 655 -3400
655 656 622
656 657 -1906
657 658 -4645
658 659 6523
659 660 5286
660 661 -6045
661 662 -6660
662 663 -6048
663 664 -8005
664 665 -2251
665 666 3477
666 667 2209
667 668 7164
668 669 5206
669 670 -2645
670 671 4408
671 672 7311
672 673 -5840
673 674 -7571
674 675 -1402
675 676 -2835
676 677 9643
677 678 6386
678 679 473
679 680 -7783
680 681 -9446
681 682 -7865
682 683 -5891
683 684 6876
684 685 -584
685 686 3547
686 687 1632
687 688 9169
688 689 -4053
689 690 1478
690 691 -2423
691 692 2924
692 693 3820
693 694 1684
694 695 813
695 696 -7508
696 697 2849
697 698 -3309
698 699 -8564
699 700 -543
700 701 -5192
701 702 -1295
702 703 2364
703 704 -139
704 705 -5417
705 706 -3702
706 707 134
707 708 6320
708 709 1363
709 710 6204
710 711 4780
711 712 1246
712 713 -2541
713 714 2954
714 715 2221
715 716 5741
716 717 7490
717 718 2135
718 719 -9335
719 720 -9490
720 721 7776
721 722 4473
722 723 3584
723 724 3711
724 725 -760
725 726 7771
726 727 838
727 728 -1258
728 729 9465
729 730 4220
730 731 -1595
731 732 -4831
732 733 -6411
733 734 3349
734 735 2744
735 736 -6881
736 737 -4719
737 738 1511
738 739 -4360
739 740 117
740 741 -3445
741 742 -940
742 743 7656
743 744 1152
744 745 1203
745 746 5548
746 747 -848
747 748 1548
748 749 1931
749 750 1015
750 751 6305
751 752 7868
752 753 552
753 754 -8666
754 755 -2592
755 756 -1493
756 757 -9310
757 758 -8219
758 759 -3537
759 760 -3465
760 761 -2089
761 762 7468
762 763 -606
763 764 9612
764 765 45
765 766 -3004
766 767 1374
767 768 4414
768 769 6562
769 770 -2199
770 771 -2421
771 772 5461
772 773 -7929
773 774 -4986
774 775 79
775 776 -9374
776 777 1351
777 778 794
778 779 -4608
779 780 -2089
780 781 -2125
781 782 -7304
782 783 -691
783 784 8146
784 785 -1847
785 786 -7034
786 787 -7165
787 788 -218
788 789 2438
789 790 7605
790 791 -6919
791 792 -5677
792 793 -4692
793 794 -1935
794 795 -3746
795 796 2148
796 797 2871
797 798 7321
798 799 1006
799 800 9673
2 654 8994
3 90 -7743
4 656 -3619
10 418 9215
11 493 -319
15 247 -5942
19 44 -5698
22 200 6639
23 576 9075
25 334 -5742
29 440 7059
30 355 -790
32 538 -9681
34 773 -9523
37 627 -4735
39 472 2156
40 380 3388
41 792 -6488
43 592 -1337
45 263 -5497
50 295 6419
54 373 -8698
55 492 1623
60 493 7022
61 63 -7610
63 594 8412
65 783 -7101
67 548 6751
70 260 9817
77 134 -1801
78 193 -2933
80 389 2263
90 594 -8734
92 131 -1358
93 720 4242
98 420 -5789
101 535 6666
106 275 3426
109 563 8425
110 373 -3319
112 443 -2942
114 252 8838
115 637 -9806
116 494 4872
123 180 -5329
126 169 7042
127 160 5970
130 743 1815
132 513 -1004
134 723 4486
138 39 -1227
151 89 -1070
153 396 1777
154 62 -5129
158 471 7108
167 438 6201
169 150 6613
173 394 -2249
180 776 2185
185 148 9045
198 423 -9135
200 586 7453
201 213 7810
202 74 -976
206 228 33
210 469 2783
211 647 6050
214 354 -1342
221 43 -1672
225 572 -5608
226 756 1830
229 615 1659
233 388 8828
234 85 -7489
236 674 -8341
240 688 -6070
243 681 -379
246 470 -5421
249 790 2306
251 137 5486
254 36 7000
262 796 1985
266 521 112
275 239 9902
279 563 8892
281 494 8315
287 484 5530
288 729 4322
289 282 -7728
292 752 9612
293 197 5823
300 632 3293
306 316 1795
307 742 -3259
308 770 -7557
310 635 -429
312 297 -336
319 75 -6693
327 498 3612
329 221 -579
330 279 6217
332 212 2579
340 627 -6369
350 585 3098
353 261 5745
354 353 -589
356 445 2342
358 778 -2944
360 508 2036
362 118 -1965
363 629 -6648
366 725 -5458
367 353 6349
370 411 6219
371 247 -8159
375 239 175
382 637 6174
390 575 -1242
392 341 7026
399 30 -6724
401 727 9930
403 581 6494
405 715 1315
406 170 -6975
414 383 6890
419 467 -7553
421 191 6339
430 201 3121
434 432 -8321
435 354 2108
437 461 6237
438 696 9211
443 715 -696
445 790 6719
447 482 4537
448 92 3962
455 759 4657
457 27 1206
463 594 1905
466 21 -729
474 623 -4748
480 593 -2933
483 589 6694
484 102 -9829
485 142 -4443
486 437 9571
490 560 3354
492 7 4863
493 83 -5074
494 565 -9705
498 481 6618
500 144 -9646
505 306 7057
509 221 -8149
511 484 7624
513 353 -3674
517 368 5963
518 420 5995
520 424 -3545
524 459 -8391
528 60 -3648
531 411 5651
534 654 -1321
538 300 -5416
541 17 4768
547 120 -4983
548 342 -5559
551 108 568
553 140 8013
554 26 5133
555 481 822
556 104 1256
557 212 2889
559 18 -8226
570 154 6967
573 211 -2252
576 153 -3258
577 129 -4075
579 497 6324
580 216 -2321
581 181 1395
582 795 -1485
584 233 -5909
586 279 -9425
587 296 7010
591 764 5724
595 97 -4291
597 197 1831
598 301 -4682
600 214 -5309
601 156 -3930
603 235 -6032
608 73 -2727
609 713 -9338
610 686 -6783
612 583 -4376
614 318 1791
621 53 50
622 245 -2611
623 87 5365
625 267 4169
630 304 -8759
635 61 -1530
639 163 3694
645 529 -4219
648 95 -4939
657 440 9871
665 199 -5291
666 757 -9898
668 174 6611
673 403 3612
676 17 -6049
679 451 -9775
687 503 -3204
690 189 2802
693 178 -4783
694 327 1857
695 525 -802
697 490 6852
698 654 -3842
699 84 6425
703 96 -5962
705 139 9783
706 495 -6367
707 83 -2833
708 207 -5779
710 441 6396
712 668 389
720 462 -8628
722 751 3190
724 595 5393
732 707 4062
734 28 3425
735 155 -1159
736 576 -1391
737 530 -2391
738 436 -7599
740 487 5596
744 694 -3857
750 536 8430
752 145 6797
758 617 2770
763 559 3947
767 226 -5419
768 629 -2289
769 618 9276
771 351 4067
773 585 -216
781 477 2067
790 219 -7815
791 258 8228
