2000 2654
1 2 4493
2 3 -2721
3 4 -6256
4 5 2860
5 6 8543
6 7 -2104
7 8 5813
8 9 3919
9 10 -8673
10 11 5597
11 12 -4124
12 13 2115
13 14 3805
14 15 -9837
15 16 -796
16 17 -1272
17 18 365
18 19 -6311
19 20 4213
20 21 -6725
21 22 2045
22 23 -847
23 24 5146
24 25 -7835
25 26 -7607
26 27 -150
27 28 -7594
28 29 7619
29 30 6351
30 31 3281
31 32 -4899
32 33 1527
33 34 -8776
34 35 7746
35 36 -4639
36 37 -6537
37 38 -8589
38 39 5717
39 40 914
40 41 8265
41 42 3844
42 43 4404
43 44 -6596
44 45 8786
45 46 -3139
46 47 9982
47 48 5131
48 49 9150
49 50 3488
50 51 4550
51 52 4825
52 53 -4105
53 54 -1995
54 55 -1835
55 56 -2738
56 57 -9155
57 58 4208
58 59 -1609
59 60 6417
60 61 9640
61 62 4575
62 63 -3252
63 64 7185
64 65 390
65 66 4649
66 67 -7084
67 68 -6258
68 69 -3704
69 70 -6672
70 71 -2978
71 72 -4804
72 73 -7109
73 74 6462
74 75 2763
75 76 -5244
76 77 5731
77 78 -3493
78 79 -8130
79 80 -6203
80 81 -5424
81 82 2072
82 83 -4251
83 84 202
84 85 -8329
85 86 -6419
86 87 8926
87 88 -7080
88 89 -9471
89 90 -5337
90 91 -4097
91 92 -9520
92 93 3447
93 94 -133
94 95 5456
95 96 -7781
96 97 -9473
97 98 126
98 99 -3233
99 100 -6366
100 101 8865
101 102 9831
102 103 5582
103 104 -3867
104 105 -8470
105 106 4281
106 107 -4645
107 108 6367
108 109 -3597
109 110 9295
110 111 -2538
111 112 -1240
112 113 3802
113 114 -8185
114 115 -9498
115 116 2188
116 117 -1744
117 118 -7979
118 119 1735
119 120 1342
120 121 -5796
121 122 7918
122 123 3148
123 124 3094
124 125 -8914
125 126 3355
126 127 -3764
127 128 -4935
128 129 5944
129 130 6432
130 131 9846
131 132 7356
132 133 -9852
133 134 8706
134 135 6496
135 136 5683
136 137 -7575
137 138 -7716
138 139 2181
139 140 9890
140 141 -9593
141 142 -5269
142 143 2491
143 144 3377
144 145 6052
145 146 7558
146 147 -1436
147 148 -1756
148 149 -6412
149 150 13
150 151 -7902
151 152 -961
152 153 -1286
153 154 -124
154 155 3473
155 156 9789
156 157 -1215
157 158 4855
158 159 2162
159 160 -761
160 161 -7835
161 162 -293
162 163 3584
163 164 -7641
164 165 3223
165 166 5462
166 167 4900
167 168 -4813
168 169 -4415
169 170 -4025
170 171 -5968
171 172 -6942
172 173 -4531
173 174 2470
174 175 3975
175 176 -1998
176 177 -992
177 178 271
178 179 -6566
179 180 -5560
180 181 1803
181 182 -1258
182 183 -4121
183 184 7482
184 185 -2226
185 186 -6432
186 187 -4833
187 188 152
188 189 9303
189 190 1405
190 191 2820
191 192 7940
192 193 -4314
193 194 -8918
194 195 -4141
195 196 -6189
196 197 -1143
197 198 7377
198 199 4602
199 200 8137
200 201 -6162
201 202 -9284
202 203 553
203 204 6488
204 205 5794
205 206 5283
206 207 4189
207 208 -9936
208 209 6581
209 210 -1556
210 211 -9054
211 212 -9991
212 213 -1676
213 214 4210
214 215 9429
215 216 6772
216 217 5798
217 218 -4433
218 219 -795
219 220 -7023
220 221 9083
221 222 -4018
222 223 -9892
223 224 -6924
224 225 -6138
225 226 -9915
226 227 -7612
227 228 -3118
228 229 -5990
229 230 -6842
230 231 -8281
231 232 -7478
232 233 8600
233 234 9294
234 235 -2749
235 236 -3553
236 237 -4227
237 238 -9443
238 239 7698
239 240 -1263
240 241 4419
241 242 -9380
242 243 3382
243 244 935
244 245 533
245 246 -2091
246 247 6901
247 248 5204
248 249 -4921
249 250 7875
250 251 4386
251 252 -5536
252 253 -3891
253 254 3479
254 255 9823
255 256 -6777
256 257 -6604
257 258 -2495
258 259 4363
259 260 -7358
260 261 5874
261 262 582
262 263 -3277
263 264 -2966
264 265 -3869
265 266 -9147
266 267 -2933
267 268 4677
268 269 5644
269 270 4826
270 271 -3419
271 272 4633
272 273 1194
273 274 5080
274 275 6470
275 276 6657
276 277 5192
277 278 -5213
278 279 3958
279 280 2313
280 281 -2403
281 282 1455
282 283 8702
283 284 7545
284 285 465
285 286 6550
286 287 -6105
287 288 1196
288 289 -7135
289 290 -1581
290 291 1942
291 292 9177
292 293 5609
293 294 -5573
294 295 4866
295 296 -4483
296 297 -1139
297 298 5649
298 299 2587
299 300 -7069
300 301 -9319
301 302 3905
302 303 -3645
303 304 -2496
304 305 -3079
305 306 -5143
306 307 8039
307 308 -4690
308 309 7556
309 310 8227
310 311 -4181
311 312 2945
312 313 -1554
313 314 -7271
314 315 5666
315 316 160
316 317 1844
317 318 -2946
318 319 -2292
319 320 492
320 321 -307
321 322 6917
322 323 1792
323 324 4067
324 325 -7423
325 326 9071
326 327 -3743
327 328 2326
328 329 -4908
329 330 5050
330 331 -5414
331 332 -1483
332 333 -2898
333 334 -2949
334 335 3760
335 336 2206
336 337 -3205
337 338 6564
338 339 -7525
339 340 5850
340 341 8707
341 342 7460
342 343 8287
343 344 -3907
344 345 -453
345 346 1638
346 347 -1471
347 348 -713
348 349 4841
349 350 -9234
350 351 -5351
351 352 8907
352 353 2641
353 354 2155
354 355 1681
355 356 9593
356 357 8039
357 358 -7406
358 359 2404
359 360 3033
360 361 1143
361 362 6751
362 363 -3248
363 364 5713
364 365 3273
365 366 -1129
366 367 7096
367 368 -229
368 369 -4153
369 370 1033
370 371 7898
371 372 6756
372 373 1793
373 374 4792
374 375 6567
375 376 1045
376 377 2436
377 378 9747
378 379 -6413
379 380 -7617
380 381 -4076
381 382 5365
382 383 6756
383 384 -2305
384 385 -1377
385 386 5069
386 387 396
387 388 -4495
388 389 2240
389 390 -846
390 391 4356
391 392 -1959
392 393 -8548
393 394 -2225
394 395 -802
395 396 7276
396 397 5849
397 398 1823
398 399 -4212
399 400 -9109
400 401 -8324
401 402 -549
402 403 8925
403 404 -7420
404 405 2513
405 406 4174
406 407 -7948
407 408 -1769
408 409 -3958
409 410 -4200
410 411 -7897
411 412 8236
412 413 -4127
413 414 567
414 415 -50
415 416 -949
416 417 -1858
417 418 -6877
418 419 4782
419 420 -8418
420 421 -73
421 422 -7708
422 423 1468
423 424 1707
424 425 -7508
425 426 -8679
426 427 -6095
427 428 2824
428 429 -1720
429 430 3473
430 431 -3826
431 432 5080
432 433 7928
433 434 -7142
434 435 2160
435 436 4432
436 437 7901
437 438 -1286
438 439 -141
439 440 6518
440 441 8372
441 442 -6690
442 443 5536
443 444 7011
444 445 8172
445 446 3099
446 447 1574
447 448 560
448 449 -4643
449 450 -3766
450 451 -2321
451 452 -7406
452 453 -4857
453 454 9437
454 455 -7204
455 456 7029
456 457 -3409
457 458 1558
458 459 -8737
459 460 -9757
460 461 -7552
461 462 9662
462 463 -956
463 464 4869
464 465 3573
465 466 4838
466 467 1465
467 468 9893
468 469 -8054
469 470 6833
470 471 -6700
471 472 -5041
472 473 6435
473 474 -5658
474 475 5046
475 476 3365
476 477 -7864
477 478 -6911
478 479 -6481
479 480 6999
480 481 -985
481 482 -9916
482 483 -9161
483 484 3917
484 485 1093
485 486 -7873
486 487 2377
487 488 -5198
488 489 -1075
489 490 -5083
490 491 -598
491 492 -5466
492 493 -6050
493 494 9359
494 495 -1091
495 496 310
496 497 -3718
497 498 -6053
498 499 -3207
499 500 -2914
500 501 672
501 502 8214
502 503 -8753
503 504 955
504 505 3977
505 506 2243
506 507 -3637
507 508 -4555
508 509 9854
509 510 9910
510 511 2766
511 512 -801
512 513 4809
513 514 3450
514 515 -1724
515 516 4694
516 517 270
517 518 -4757
518 519 -1317
519 520 9876
520 521 6746
521 522 -2044
522 523 -2270
523 524 -9704
524 525 5358
525 526 -4629
526 527 -2325
527 528 7556
528 529 6645
529 530 -8811
530 531 -8921
531 532 -2265
532 533 -7793
533 534 2984
534 535 4627
535 536 -4064
536 537 7086
537 538 7672
538 539 4352
539 540 -3464
540 541 -8725
541 542 5451
542 543 1829
543 544 -951
544 545 830
545 546 1954
546 547 -7596
547 548 3843
548 549 -4521
549 550 -5873
550 551 5501
551 552 1827
552 553 8787
553 554 -6421
554 555 2726
555 556 -6763
556 557 9973
557 558 -6395
558 559 -6699
559 560 -3465
560 561 4530
561 562 7558
562 563 7813
563 564 6202
564 565 9982
565 566 -8011
566 567 -506
567 568 4194
568 569 -5174
569 570 9811
570 571 8283
571 572 -379
572 573 8140
573 574 7155
574 575 9440
575 576 7045
576 577 -2821
577 578 -510
578 579 3054
579 580 9145
580 581 -6338
581 582 5861
582 583 -7189
583 584 -2710
584 585 -6892
585 586 -1468
586 587 2951
587 588 -3472
588 589 756
589 590 -3093
590 591 4095
591 592 -6497
592 593 6014
593 594 -5135
594 595 822
595 596 9593
596 597 3645
597 598 6500
598 599 -7500
599 600 -8892
600 601 6194
601 602 -790
602 603 8353
603 604 1625
604 605 8625
605 606 -3811
606 607 -4067
607 608 6964
608 609 -1830
609 610 -468
610 611 2135
611 612 -4103
612 613 -1980
613 614 -9656
614 615 -1040
615 616 -3432
616 617 9738
617 618 -2616
618 619 -7302
619 620 2504
620 621 -5682
621 622 6961
622 623 -7797
623 624 -359
624 625 1593
625 626 -5657
626 627 1657
627 628 -3960
628 629 -7803
629 630 2550
630 631 32
631 632 -9025
632 633 -7614
633 634 3926
634 635 1287
635 636 -5670
636 637 8622
637 638 -4405
638 639 2565
639 640 2051
640 641 4868
641 642 1978
642 643 -7701
643 644 -8594
644 645 740
645 646 -2363
646 647 -3736
647 648 -2812
648 649 6580
649 650 -8937
650 651 1697
651 652 6534
652 653 -4034
653 654 3102
654 655 -5936
655 656 -4341
656 657 -6703
657 658 1768
658 659 35
659 660 7934
660 661 7410
661 662 -2418
662 663 625
663 664 -4960
664 665 7052
665 666 -6048
666 667 7090
667 668 -4835
668 669 -8704
669 670 -5169
670 671 5773
671 672 2228
672 673 -4153
673 674 -376
674 675 -5625
675 676 3076
676 677 4841
677 678 197
678 679 498
679 680 -595
680 681 -5170
681 682 6736
682 683 -8864
683 684 3068
684 685 5609
685 686 3936
686 687 -5640
687 688 9527
688 689 3732
689 690 -2889
690 691 -9907
691 692 803
692 693 -7920
693 694 -7678
694 695 8894
695 696 -5766
696 697 5208
697 698 -282
698 699 1046
699 700 -183
700 701 -924
701 702 -3272
702 703 -9892
703 704 4791
704 705 -8207
705 706 -8800
706 707 5118
707 708 7533
708 709 -8314
709 710 -5810
710 711 1041
711 712 3426
712 713 -9326
713 714 7889
714 715 -2061
715 716 -4584
716 717 -4945
717 718 695
718 719 1099
719 720 4068
720 721 -8747
721 722 -2275
722 723 -6783
723 724 -772
724 725 1759
725 726 -4489
726 727 9564
727 728 9165
728 729 -5739
729 730 -3367
730 731 -2242
731 732 9115
732 733 -6901
733 734 -8646
734 735 2203
735 736 8601
736 737 -5731
737 738 7825
738 739 7439
739 740 9814
740 741 9453
741 742 588
742 743 9695
743 744 -3809
744 745 -8887
745 746 9128
746 747 -7745
747 748 4012
748 749 -4523
749 750 -1040
750 751 -8339
751 752 8031
752 753 3760
753 754 9828
754 755 793
755 756 -8319
756 757 292
757 758 3849
758 759 7536
759 760 9129
760 761 6011
761 762 -1162
762 763 -2424
763 764 -5878
764 765 -2327
765 766 -7864
766 767 -9478
767 768 5960
768 769 -2704
769 770 -464
770 771 -4606
771 772 -5534
772 773 -8060
773 774 -6340
774 775 -9068
775 776 6042
776 777 275
777 778 -4458
778 779 9479
779 780 -6577
780 781 -6474
781 782 -3293
782 783 8986
783 784 8474
784 785 9050
785 786 -2863
786 787 -1749
787 788 3327
788 789 4348
789 790 1353
790 791 -3432
791 792 -7624
792 793 3000
793 794 2262
794 795 6711
795 796 211
796 797 3048
797 798 -4832
798 799 7417
799 800 3187
800 801 -6988
801 802 6556
802 803 7646
803 804 -8126
804 805 -3121
805 806 -6988
806 807 -8160
807 808 -950
808 809 7688
809 810 7
810 811 -8279
811 812 6183
812 813 -5863
813 814 -9863
814 815 3197
815 816 -7512
816 817 -8364
817 818 -3591
818 819 -3030
819 820 -7676
820 821 -2376
821 822 5170
822 823 -966
823 824 3277
824 825 -3397
825 826 -726
826 827 -9043
827 828 4230
828 829 -8336
829 830 6955
830 831 2139
831 832 936
832 833 8873
833 834 -3725
834 835 -2613
835 836 4601
836 837 4638
837 838 9212
838 839 5864
839 840 -9871
840 841 3451
841 842 -553
842 843 6109
843 844 3723
844 845 408
845 846 7022
846 847 -6197
847 848 -3904
848 849 7167
849 850 -5394
850 851 -2668
851 852 -812
852 853 9577
853 854 -7126
854 855 -533
855 856 -9610
856 857 -6090
857 858 -6088
858 859 -689
859 860 -4618
860 861 6062
861 862 -8131
862 863 5088
863 864 5286
864 865 3785
865 866 2361
866 867 8776
867 868 -7285
868 869 5606
869 870 6225
870 871 5786
871 872 -7688
872 873 -7781
873 874 -1317
874 875 6190
875 876 -7417
876 877 -510
877 878 -9769
878 879 2832
879 880 694
880 881 8120
881 882 -8503
882 883 3819
883 884 -2687
884 885 -8880
885 886 209
886 887 -6945
887 888 1086
888 889 149
889 890 3065
890 891 5126
891 892 5244
892 893 4552
893 894 2089
894 895 -6706
895 896 8277
896 897 -8916
897 898 -390
898 899 -8825
899 900 -6081
900 901 -3845
901 902 1229
902 903 9744
903 904 -5729
904 905 -9905
905 906 -1724
906 907 -1415
907 908 -7381
908 909 -4138
909 910 8854
910 911 9591
911 912 6060
912 913 64
913 914 -9205
914 915 5730
915 916 -3059
916 917 1794
917 918 -7652
918 919 9540
919 920 -1805
920 921 -8381
921 922 -366
922 923 -8267
923 924 -7189
924 925 -3046
925 926 -9445
926 927 862
927 928 6889
928 929 8282
929 930 -6505
930 931 -6931
931 932 -4845
932 933 1361
933 934 6603
934 935 -1755
935 936 -6998
936 937 6273
937 938 6298
938 939 6215
939 940 9492
940 941 7593
941 942 -7451
942 943 -7558
943 944 6585
944 945 -7790
945 946 6457
946 947 -1342
947 948 -8679
948 949 -6386
949 950 2147
950 951 3249
951 952 -3477
952 953 -4885
953 954 -6646
954 955 -5838
955 956 -5541
956 957 -257
957 958 6345
958 959 6645
959 960 8459
960 961 1297
961 962 -5915
962 963 -7335
963 964 6209
964 965 6547
965 966 7383
966 967 7978
967 968 6277
968 969 -6353
969 970 5779
970 971 9226
971 972 6505
972 973 6234
973 974 -447
974 975 1864
975 976 -2419
976 977 -8580
977 978 9040
978 979 -9695
979 980 -8185
980 981 -8630
981 982 3039
982 983 -4649
983 984 8503
984 985 -8492
985 986 -8765
986 987 -6398
987 988 -7935
988 989 2942
989 990 7027
990 991 6491
991 992 -2538
992 993 -4651
993 994 4098
994 995 7708
995 996 8694
996 997 -7743
997 998 6794
998 999 1112
999 1000 9504
1000 1001 -6444
1001 1002 -6840
1002 1003 -7730
1003 1004 -9998
1004 1005 2506
1005 1006 -8180
1006 1007 -9535
1007 1008 868
1008 1009 6228
1009 1010 6647
1010 1011 8368
1011 1012 9634
1012 1013 -6993
1013 1014 -3714
1014 1015 -1288
1015 1016 -5557
1016 1017 -1305
1017 1018 -5576
1018 1019 4431
1019 1020 8705
1020 1021 4648
1021 1022 5890
1022 1023 -595
1023 1024 9445
1024 1025 -6519
1025 1026 -2909
1026 1027 -5327
1027 1028 7487
1028 1029 2784
1029 1030 9585
1030 1031 4695
1031 1032 4627
1032 1033 -3105
1033 1034 -903
1034 1035 -9750
1035 1036 -3780
1036 1037 1523
1037 1038 -2332
1038 1039 -4089
1039 1040 -5410
1040 1041 3666
1041 1042 -3826
1042 1043 8492
1043 1044 -4908
1044 1045 -4372
1045 1046 4711
1046 1047 -2369
1047 1048 -6273
1048 1049 6910
1049 1050 4552
1050 1051 3167
1051 1052 -1274
1052 1053 -5830
1053 1054 -7069
1054 1055 8335
1055 1056 2942
1056 1057 7865
1057 1058 5186
1058 1059 7532
1059 1060 -1359
1060 1061 -8922
1061 1062 9201
1062 1063 1469
1063 1064 7960
1064 1065 -9042
1065 1066 9807
1066 1067 -3138
1067 1068 -378
1068 1069 8516
1069 1070 6974
1070 1071 -4347
1071 1072 4830
1072 1073 9626
1073 1074 -7706
1074 1075 -7570
1075 1076 6525
1076 1077 -5873
1077 1078 -1113
1078 1079 5057
1079 1080 -165
1080 1081 8484
1081 1082 7556
1082 1083 -4587
1083 1084 -6971
1084 1085 2117
1085 1086 -8194
1086 1087 -1395
1087 1088 1832
1088 1089 -5336
1089 1090 2654
1090 1091 -444
1091 1092 -6651
1092 1093 6023
1093 1094 -6340
1094 1095 -7586
1095 1096 3043
1096 1097 -1367
1097 1098 1918
1098 1099 9494
1099 1100 -5701
1100 1101 -365
1101 1102 7714
1102 1103 5240
1103 1104 -5306
1104 1105 -8839
1105 1106 6713
1106 1107 5910
1107 1108 -3855
1108 1109 8643
1109 1110 7965
1110 1111 3000
1111 1112 1466
1112 1113 2715
1113 1114 -7434
1114 1115 -1602
1115 1116 -6061
1116 1117 -8804
1117 1118 -6150
1118 1119 8604
1119 1120 -2050
1120 1121 -3142
1121 1122 9520
1122 1123 -3384
1123 1124 5967
1124 1125 6503
1125 1126 1883
1126 1127 543
1127 1128 5810
1128 1129 -590
1129 1130 -9081
1130 1131 7109
1131 1132 8391
1132 1133 1374
1133 1134 6907
1134 1135 -7273
1135 1136 4659
1136 1137 8893
1137 1138 -5390
1138 1139 -1707
1139 1140 -1587
1140 1141 -3108
1141 1142 -1337
1142 1143 -6831
1143 1144 -9650
1144 1145 -9787
1145 1146 -26
1146 1147 1668
1147 1148 -2144
1148 1149 -6297
1149 1150 -1099
1150 1151 3190
1151 1152 2187
1152 1153 -6268
1153 1154 4232
1154 1155 8498
1155 1156 4648
1156 1157 4053
1157 1158 1472
1158 1159 9763
1159 1160 265
1160 1161 2612
1161 1162 10
1162 1163 -1742
1163 1164 -2909
1164 1165 936
1165 1166 2662
1166 1167 -2472
1167 1168 -1929
1168 1169 457
1169 1170 -8066
1170 1171 2048
1171 1172 -9878
1172 1173 6505
1173 1174 -1735
1174 1175 -5072
1175 1176 -7778
1176 1177 -3075
1177 1178 8758
1178 1179 -2858
1179 1180 -5874
1180 1181 -818
1181 1182 -4980
1182 1183 7674
1183 1184 -7445
1184 1185 7360
1185 1186 -7421
1186 1187 2381
1187 1188 654
1188 1189 -6102
1189 1190 6313
1190 1191 -116
1191 1192 -7780
1192 1193 2682
1193 1194 -1076
1194 1195 5438
1195 1196 -1066
1196 1197 -5860
1197 1198 -6547
1198 1199 9225
1199 1200 -2084
1200 1201 9912
1201 1202 3785
1202 1203 -2758
1203 1204 -3596
1204 1205 1764
1205 1206 -7054
1206 1207 8402
1207 1208 -7052
1208 1209 5271
1209 1210 6600
1210 1211 -6696
1211 1212 4729
1212 1213 -5101
1213 1214 9010
1214 1215 -1871
1215 1216 -2247
1216 1217 7025
1217 1218 -5091
1218 1219 3022
1219 1220 3140
1220 1221 469
1221 1222 -6635
1222 1223 3736
1223 1224 -5174
1224 1225 3734
1225 1226 -4654
1226 1227 -4026
1227 1228 -3038
1228 1229 5366
1229 1230 4943
1230 1231 -5631
1231 1232 9026
1232 1233 -1264
1233 1234 7420
1234 1235 4480
1235 1236 5341
1236 1237 -5857
1237 1238 -8720
1238 1239 7882
1239 1240 -3929
1240 1241 -7850
1241 1242 -2172
1242 1243 2457
1243 1244 -9052
1244 1245 -5042
1245 1246 -4577
1246 1247 -974
1247 1248 -9612
1248 1249 -413
1249 1250 -8740
1250 1251 5774
1251 1252 -5137
1252 1253 -3441
1253 1254 8348
1254 1255 -8756
1255 1256 -8784
1256 1257 -7183
1257 1258 -760
1258 1259 -9774
1259 1260 8860
1260 1261 -4933
1261 1262 3491
1262 1263 5254
1263 1264 7901
1264 1265 -8797
1265 1266 -5845
1266 1267 3085
1267 1268 -3826
1268 1269 2032
1269 1270 -1542
1270 1271 -310
1271 1272 -7680
1272 1273 6999
1273 1274 -2673
1274 1275 -6407
1275 1276 8588
1276 1277 -4325
1277 1278 1728
1278 1279 -237
1279 1280 -6915
1280 1281 -3617
1281 1282 260
1282 1283 6202
1283 1284 -6870
1284 1285 226
1285 1286 3715
1286 1287 -3758
1287 1288 -5484
1288 1289 2363
1289 1290 -3713
1290 1291 -8844
1291 1292 -4507
1292 1293 3115
1293 1294 2672
1294 1295 -4981
1295 1296 1840
1296 1297 8555
1297 1298 8617
1298 1299 260
1299 1300 -4091
1300 1301 8879
1301 1302 9099
1302 1303 3183
1303 1304 5494
1304 1305 8330
1305 1306 -1074
1306 1307 -4787
1307 1308 -8031
1308 1309 40
1309 1310 3163
1310 1311 4336
1311 1312 -2262
1312 1313 5046
1313 1314 -3229
1314 1315 -7806
1315 1316 -8386
1316 1317 -4115
1317 1318 -349
1318 1319 -4281
1319 1320 6249
1320 1321 -3723
1321 1322 8612
1322 1323 4321
1323 1324 1903
1324 1325 -8411
1325 1326 -2353
1326 1327 -4839
1327 1328 -6754
1328 1329 351
1329 1330 1451
1330 1331 968
1331 1332 -2099
1332 1333 -9760
1333 1334 3003
1334 1335 7217
1335 1336 9859
1336 1337 9850
1337 1338 -3353
1338 1339 -1995
1339 1340 120
1340 1341 -990
1341 1342 1880
1342 1343 -1454
1343 1344 -4577
1344 1345 -9455
1345 1346 9647
1346 1347 8293
1347 1348 -9011
1348 1349 650
1349 1350 -4334
1350 1351 8218
1351 1352 -1919
1352 1353 7420
1353 1354 332
1354 1355 6254
1355 1356 -7542
1356 1357 -4735
1357 1358 3629
1358 1359 4507
1359 1360 -1047
1360 1361 3086
1361 1362 1355
1362 1363 -1107
1363 1364 -6349
1364 1365 1561
1365 1366 2918
1366 1367 9844
1367 1368 -9604
1368 1369 3792
1369 1370 -4183
1370 1371 4428
1371 1372 -6241
1372 1373 9454
1373 1374 498
1374 1375 32
1375 1376 -8134
1376 1377 1678
1377 1378 5805
1378 1379 3541
1379 1380 2127
1380 1381 -7970
1381 1382 -3684
1382 1383 -7054
1383 1384 6345
1384 1385 -7341
1385 1386 6835
1386 1387 7338
1387 1388 3310
1388 1389 7671
1389 1390 8274
1390 1391 -9254
1391 1392 1377
1392 1393 -6229
1393 1394 -3399
1394 1395 -294
1395 1396 6828
1396 1397 6243
1397 1398 8162
1398 1399 7063
1399 1400 -3873
1400 1401 5808
1401 1402 3787
1402 1403 -3420
1403 1404 6256
1404 1405 -7560
1405 1406 9765
1406 1407 -5304
1407 1408 3127
1408 1409 -2124
1409 1410 4079
1410 1411 6630
1411 1412 -4873
1412 1413 -6868
1413 1414 -6312
1414 1415 949
1415 1416 2551
1416 1417 8954
1417 1418 6667
1418 1419 -6796
1419 1420 -4938
1420 1421 -7453
1421 1422 -1648
1422 1423 -4631
1423 1424 7001
1424 1425 -4451
1425 1426 1428
1426 1427 6341
1427 1428 629
1428 1429 -6750
1429 1430 5856
1430 1431 -3551
1431 1432 1437
1432 1433 -7747
1433 1434 -2300
1434 1435 -2827
1435 1436 9926
1436 1437 624
1437 1438 9041
1438 1439 8378
1439 1440 -1969
1440 1441 -9478
1441 1442 4714
1442 1443 1930
1443 1444 -8885
1444 1445 -7812
1445 1446 8500
1446 1447 7754
1447 1448 5541
1448 1449 7296
1449 1450 -5054
1450 1451 -5955
1451 1452 -6317
1452 1453 -6084
1453 1454 -2576
1454 1455 8916
1455 1456 -5355
1456 1457 6729
1457 1458 -5931
1458 1459 -2969
1459 1460 3929
1460 1461 -8151
1461 1462 1625
1462 1463 -8339
1463 1464 9783
1464 1465 -6083
1465 1466 -2970
1466 1467 -8142
1467 1468 1773
1468 1469 -646
1469 1470 -567
1470 1471 5192
1471 1472 4718
1472 1473 -94
1473 1474 5655
1474 1475 8797
1475 1476 -7410
1476 1477 6472
1477 1478 -3295
1478 1479 2373
1479 1480 3452
1480 1481 6509
1481 1482 -3508
1482 1483 -1968
1483 1484 6382
1484 1485 -3318
1485 1486 1271
1486 1487 -9764
1487 1488 6327
1488 1489 4812
1489 1490 8576
1490 1491 -7856
1491 1492 -1774
1492 1493 -6988
1493 1494 -7097
1494 1495 8259
1495 1496 7227
1496 1497 7091
1497 1498 4076
1498 1499 -8458
1499 1500 392
1500 1501 -7672
1501 1502 6663
1502 1503 1371
1503 1504 430
1504 1505 -9422
1505 1506 -1594
1506 1507 4333
1507 1508 992
1508 1509 2061
1509 1510 4041
1510 1511 -7006
1511 1512 -6242
1512 1513 3372
1513 1514 7832
1514 1515 7402
1515 1516 1241
1516 1517 -9942
1517 1518 -9702
1518 1519 9901
1519 1520 -9593
1520 1521 7511
1521 1522 -4792
1522 1523 -7287
1523 1524 -637
1524 1525 -172
1525 1526 2967
1526 1527 -4264
1527 1528 -4252
1528 1529 -9191
1529 1530 -8500
1530 1531 -8016
1531 1532 6730
1532 1533 -1503
1533 1534 9979
1534 1535 9868
1535 1536 -3449
1536 1537 5478
1537 1538 7805
1538 1539 -3996
1539 1540 -9229
1540 1541 -719
1541 1542 -227
1542 1543 -4166
1543 1544 -1911
1544 1545 6139
1545 1546 3017
1546 1547 5376
1547 1548 -6334
1548 1549 -6390
1549 1550 -4195
1550 1551 -6478
1551 1552 9622
1552 1553 -2494
1553 1554 1727
1554 1555 2027
1555 1556 4861
1556 1557 -6077
1557 1558 9662
1558 1559 5685
1559 1560 6291
1560 1561 8901
1561 1562 8070
1562 1563 -4227
1563 1564 -4294
1564 1565 3129
1565 1566 -8622
1566 1567 7000
1567 1568 8872
1568 1569 8540
1569 1570 -4427
1570 1571 -9457
1571 1572 5683
1572 1573 -3567
1573 1574 -4043
1574 1575 -4479
1575 1576 7441
1576 1577 -909
1577 1578 7288
1578 1579 4944
1579 1580 -8178
1580 1581 8530
1581 1582 2688
1582 1583 -1400
1583 1584 -8083
1584 1585 -1811
1585 1586 1466
1586 1587 -5099
1587 1588 3515
1588 1589 -1627
1589 1590 -5065
1590 1591 -7511
1591 1592 -3223
1592 1593 2896
1593 1594 -9876
1594 1595 7261
1595 1596 -9675
1596 1597 -2063
1597 1598 -4229
1598 1599 -8733
1599 1600 -3536
1600 1601 -9662
1601 1602 -1674
1602 1603 -9749
1603 1604 -5848
1604 1605 -166
1605 1606 5707
1606 1607 -6537
1607 1608 -349
1608 1609 1618
1609 1610 263
1610 1611 7672
1611 1612 -5364
1612 1613 2671
1613 1614 -9462
1614 1615 -2322
1615 1616 -2749
1616 1617 5091
1617 1618 -3120
1618 1619 3284
1619 1620 -9028
1620 1621 5753
1621 1622 -7270
1622 1623 6800
1623 1624 7848
1624 1625 -6415
1625 1626 -6018
1626 1627 5843
1627 1628 -1755
1628 1629 -7470
1629 1630 -8354
1630 1631 8763
1631 1632 -5826
1632 1633 6836
1633 1634 -6894
1634 1635 8812
1635 1636 9272
1636 1637 2723
1637 1638 -6329
1638 1639 -9455
1639 1640 2043
1640 1641 9274
1641 1642 -3128
1642 1643 -248
1643 1644 9884
1644 1645 5883
1645 1646 -7391
1646 1647 3008
1647 1648 -1391
1648 1649 3218
1649 1650 -1332
1650 1651 -7613
1651 1652 -6589
1652 1653 -576
1653 1654 -4874
1654 1655 -9170
1655 1656 8735
1656 1657 1134
1657 1658 -673
1658 1659 6525
1659 1660 -7837
1660 1661 1964
1661 1662 -5706
1662 1663 5006
1663 1664 -7848
1664 1665 6873
1665 1666 -8855
1666 1667 -6578
1667 1668 2891
1668 1669 3796
1669 1670 7113
1670 1671 4638
1671 1672 9096
1672 1673 1962
1673 1674 -7884
1674 1675 -7955
1675 1676 3838
1676 1677 8204
1677 1678 -1941
1678 1679 -9097
1679 1680 -3804
1680 1681 5723
1681 1682 8561
1682 1683 -6483
1683 1684 -9773
1684 1685 -4797
1685 1686 -6599
1686 1687 9069
1687 1688 -8544
1688 1689 -5692
1689 1690 5030
1690 1691 -1452
1691 1692 -9820
1692 1693 -4642
1693 1694 -9865
1694 1695 7334
1695 1696 -5867
1696 1697 -9271
1697 1698 3622
1698 1699 -4576
1699 1700 -6231
1700 1701 1143
1701 1702 9631
1702 1703 -609
1703 1704 -1230
1704 1705 3071
1705 1706 1665
1706 1707 -8742
1707 1708 -4052
1708 1709 2850
1709 1710 -122
1710 1711 1099
1711 1712 6118
1712 1713 5862
1713 1714 -1304
1714 1715 -6031
1715 1716 6891
1716 1717 5175
1717 1718 -4723
1718 1719 1296
1719 1720 -3397
1720 1721 8497
1721 1722 -1611
1722 1723 -3299
1723 1724 7426
1724 1725 -6020
1725 1726 -7993
1726 1727 -1462
1727 1728 1546
1728 1729 2579
1729 1730 -4754
1730 1731 -6991
1731 1732 809
1732 1733 81
1733 1734 4208
1734 1735 -9646
1735 1736 -4026
1736 1737 -5669
1737 1738 7526
1738 1739 -5324
1739 1740 513
1740 1741 -8549
1741 1742 -7681
1742 1743 -9551
1743 1744 2781
1744 1745 -2410
1745 1746 -1854
1746 1747 -7568
1747 1748 2065
1748 1749 7455
1749 1750 8080
1750 1751 -5908
1751 1752 7419
1752 1753 -6779
1753 1754 -8169
1754 1755 -2191
1755 1756 -5260
1756 1757 -6504
1757 1758 9433
1758 1759 -8329
1759 1760 -7689
1760 1761 9370
1761 1762 -5839
1762 1763 -6008
1763 1764 -5097
1764 1765 4576
1765 1766 -3352
1766 1767 -839
1767 1768 -1744
1768 1769 -7668
1769 1770 -3016
1770 1771 18
1771 1772 -9815
1772 1773 -2676
1773 1774 -4833
1774 1775 -7004
1775 1776 8649
1776 1777 -7290
1777 1778 -4862
1778 1779 -9754
1779 1780 8787
1780 1781 2477
1781 1782 -4982
1782 1783 -3776
1783 1784 5552
1784 1785 -7691
1785 1786 4128
1786 1787 9763
1787 1788 4222
1788 1789 9074
1789 1790 84
1790 1791 8511
1791 1792 -3508
1792 1793 5824
1793 1794 9075
1794 1795 4058
1795 1796 -1884
1796 1797 -5337
1797 1798 -3101
1798 1799 5178
1799 1800 5986
1800 1801 242
1801 1802 -8786
1802 1803 3939
1803 1804 7299
1804 1805 -5366
1805 1806 -3858
1806 1807 -6168
1807 1808 -9845
1808 1809 -4533
1809 1810 -1229
1810 1811 -9362
1811 1812 -3327
1812 1813 -7138
1813 1814 2181
1814 1815 9626
1815 1816 2071
1816 1817 -1641
1817 1818 -7280
1818 1819 4950
1819 1820 6086
1820 1821 8626
1821 1822 9186
1822 1823 1595
1823 1824 549
1824 1825 -1924
1825 1826 -9782
1826 1827 -8614
1827 1828 9525
1828 1829 -3587
1829 1830 5499
1830 1831 4078
1831 1832 8774
1832 1833 -2005
1833 1834 -1394
1834 1835 5402
1835 1836 3690
1836 1837 2779
1837 1838 2809
1838 1839 6173
1839 1840 -370
1840 1841 -9820
1841 1842 -8703
1842 1843 6872
1843 1844 7253
1844 1845 -9742
1845 1846 944
1846 1847 -6175
1847 1848 1967
1848 1849 -8165
1849 1850 -4050
1850 1851 6279
1851 1852 -6504
1852 1853 2735
1853 1854 -181
1854 1855 5856
1855 1856 3354
1856 1857 7348
1857 1858 2916
1858 1859 9227
1859 1860 -5183
1860 1861 7299
1861 1862 1329
1862 1863 -417
1863 1864 -680
1864 1865 8943
1865 1866 -2181
1866 1867 -6893
1867 1868 5272
1868 1869 -1211
1869 1870 -6860
1870 1871 -7556
1871 1872 8539
1872 1873 5884
1873 1874 -4664
1874 1875 -2782
1875 1876 -1113
1876 1877 -9768
1877 1878 7198
1878 1879 2471
1879 1880 8508
1880 1881 2988
1881 1882 -2748
1882 1883 1323
1883 1884 -3486
1884 1885 2837
1885 1886 -9896
1886 1887 912
1887 1888 -868
1888 1889 -9132
1889 1890 120
1890 1891 1044
1891 1892 -5988
1892 1893 -3544
1893 1894 -502
1894 1895 5583
1895 1896 7947
1896 1897 9551
1897 1898 -3317
1898 1899 -650
1899 1900 -5735
1900 1901 8247
1901 1902 -1113
1902 1903 5133
1903 1904 4572
1904 1905 -6032
1905 1906 -8625
1906 1907 3282
1907 1908 -1950
1908 1909 5632
1909 1910 3389
1910 1911 6127
1911 1912 9986
1912 1913 -619
1913 1914 -8869
1914 1915 5378
1915 1916 -1471
1916 1917 -1582
1917 1918 -736
1918 1919 -9716
1919 1920 -7646
1920 1921 -6117
1921 1922 9662
1922 1923 1948
1923 1924 5882
1924 1925 5829
1925 1926 5793
1926 1927 -939
1927 1928 7549
1928 1929 90
1929 1930 -2949
1930 1931 3251
1931 1932 9007
1932 1933 6423
1933 1934 5677
1934 1935 3806
1935 1936 -2073
1936 1937 5197
1937 1938 -8784
1938 1939 6729
1939 1940 5025
1940 1941 4288
1941 1942 -5869
1942 1943 -9003
1943 1944 4526
1944 1945 -5385
1945 1946 -4487
1946 1947 2039
1947 1948 6949
1948 1949 -5164
1949 1950 -7745
1950 1951 9664
1951 1952 4566
1952 1953 -7573
1953 1954 -6650
1954 1955 -8625
1955 1956 -1544
1956 1957 -4799
1957 1958 1843
1958 1959 743
1959 1960 397
1960 1961 3641
1961 1962 -8523
1962 1963 4335
1963 1964 5744
1964 1965 -5187
1965 1966 -3637
1966 1967 -8155
1967 1968 -5382
1968 1969 -5398
1969 1970 2540
1970 1971 5764
1971 1972 6226
1972 1973 9894
1973 1974 -5925
1974 1975 7553
1975 1976 6826
1976 1977 -7983
1977 1978 -3550
1978 1979 -6525
1979 1980 7437
1980 1981 -7106
1981 1982 -9088
1982 1983 -6296
1983 1984 -166
1984 1985 3595
1985 1986 8380
1986 1987 5854
1987 1988 5717
1988 1989 -2193
1989 1990 4126
1990 1991 -8708
1991 1992 -1022
1992 1993 -6556
1993 1994 -5376
1994 1995 -2059
1995 1996 -806
1996 1997 -5009
1997 1998 6339
1998 1999 -4139
1999 2000 4322
3 279 -9501
4 1836 712
6 607 4359
10 99 5970
11 201 -6014
12 1430 9291
14 578 -3401
17 108 5794
18 1046 -7853
21 296 -398
23 966 6683
28 1815 2489
31 257 -5269
32 1284 -8605
35 1075 -9227
37 233 6082
44 1813 -8437
45 1589 8390
46 914 8885
47 1507 8113
52 704 -2481
53 1392 -323
54 839 -5158
55 1831 -9027
58 1418 80
64 661 -1698
68 436 9728
69 1929 827
71 128 4039
73 362 -2207
75 683 5570
81 1044 -3932
84 1493 6041
85 148 1705
86 1565 -3472
88 728 9223
89 1019 8620
92 522 -5263
98 1850 3187
101 1733 -7656
102 307 8451
103 1243 -7113
107 294 1313
108 1877 -6615
111 674 -3718
113 227 -1800
114 1058 1564
116 1988 -184
118 35 -8216
124 770 5111
126 432 -2176
130 1141 -2612
133 758 3944
135 757 -1727
136 1138 4993
137 1118 -3400
148 1867 -1550
149 1452 3431
150 904 -8714
156 741 -6869
160 1282 2256
162 1288 2432
164 1694 1507
166 154 5933
167 1400 4289
169 956 -8805
170 808 -8552
174 1872 1189
175 1698 -8611
177 478 -9476
179 1753 8805
182 111 8698
183 685 1373
184 1800 538
186 1640 -4167
188 1953 -4442
189 135 -3104
190 1311 7066
192 719 -551
194 770 3415
196 104 9421
197 289 9900
199 1057 6022
201 958 918
205 1577 -3287
207 672 -9057
208 760 2005
212 1486 8172
216 1880 -2914
217 37 6511
218 944 3035
222 746 -3678
228 601 3394
231 676 7439
232 1504 -6189
239 914 -8232
242 431 -2580
243 1803 -6335
248 1068 1798
249 463 6210
258 523 775
262 1102 -4901
270 206 7659
273 502 9865
278 1661 -3861
279 1746 -3157
285 519 -6876
287 640 84
289 1831 7215
292 1553 522
295 1359 4991
296 220 114
297 297 -966
300 1955 5250
301 1697 -5873
302 195 -1573
303 472 -7020
304 6 8177
308 507 3748
314 806 1287
315 552 6485
323 583 4211
326 785 -3155
327 1151 -9061
328 1405 -2257
333 1033 8503
335 1148 -403
336 286 -2494
337 1396 2284
339 620 8521
346 283 -2319
347 114 1700
352 1923 -2568
354 769 -5748
358 1314 4140
359 962 -4176
362 445 7259
364 116 -5546
365 620 -5775
367 1202 4748
368 531 5374
371 200 1407
373 856 -7502
375 1821 7047
379 1406 7560
380 1830 -6111
381 347 -8
383 1388 -3082
384 1163 -5396
385 758 -5714
396 546 920
397 1358 1658
400 1352 5337
401 1006 4178
409 1061 2699
416 169 -9114
422 1470 8697
423 1250 6625
424 1984 5415
431 23 -262
434 932 5216
438 217 -4152
443 416 5048
444 1596 -1954
446 1884 -3381
447 1817 -3362
449 1905 -5079
452 167 -8047
453 885 4980
455 1366 4802
458 1037 -3149
459 623 6793
463 1982 -278
468 628 599
474 489 3889
476 1335 -1570
483 653 1828
485 364 8737
486 1369 7979
492 1208 5525
493 1828 8472
498 293 -5815
501 44 9171
503 1033 2359
507 593 -7776
509 1581 -5708
511 1870 2365
516 897 8006
518 1342 3713
519 65 1783
520 1499 -5366
525 1911 -7200
530 1698 2437
533 330 8171
534 1727 5054
540 1978 -2166
542 241 -7126
549 1663 -5190
550 1645 -6231
554 1858 1316
560 1337 -1171
565 1094 -8393
566 719 -3496
568 503 -4040
569 1835 5398
575 1397 -7050
579 1180 -9628
586 1238 9174
588 1159 -9235
589 965 8983
595 1239 -1639
598 357 3907
599 1636 -7612
604 549 4107
610 261 -791
611 70 2576
613 783 -8104
614 1853 -6730
623 387 5400
627 524 -6006
629 1487 -7555
634 1137 854
636 1219 626
643 991 995
645 690 -5618
648 1362 9507
650 9 8839
652 512 2228
657 1437 266
663 1274 -7662
666 1989 8486
672 256 2905
677 1097 8471
681 1522 -9266
683 1674 -7332
684 1125 -537
692 558 -1862
696 472 -3163
697 1147 -9153
699 398 -2166
700 1658 1373
705 330 -2186
707 1269 -4389
708 206 -9138
709 1117 3615
711 290 9427
713 1982 9956
719 477 -9488
724 1638 -8701
725 676 -7453
731 1229 -7267
737 1552 -6516
739 749 5735
740 864 -6800
741 1437 6420
743 1225 6942
749 78 9774
750 1758 9675
753 1018 -3544
754 96 6629
755 969 9679
756 1303 9379
779 295 6979
788 655 -2792
789 106 -5583
791 1895 9756
792 1899 842
794 1785 4719
796 1517 3299
800 688 5685
805 1418 -9558
812 631 8037
816 217 -2356
818 1533 -4728
822 980 2168
825 146 5358
826 271 3259
831 1678 -8771
837 1148 -1569
843 1984 3927
844 625 -5159
845 967 7672
855 271 9058
858 647 9191
863 483 5697
864 153 9789
867 1954 -229
874 318 2744
875 1560 5171
876 729 -4086
880 1467 -9129
882 1490 955
883 1408 -2610
886 1431 3095
892 786 848
893 657 -2528
898 522 9576
899 1649 253
904 1722 6654
905 1140 3800
906 1592 -1663
908 566 2448
910 1642 -5352
914 265 -797
915 801 6447
917 904 1732
919 139 7248
921 1093 -8434
929 870 6233
933 1118 -9712
939 1160 -6574
943 53 504
945 1417 -3549
946 357 -2136
949 266 -6998
961 1076 4885
962 1563 -7513
970 23 9642
972 1807 2339
981 1224 -3226
983 1374 1134
985 1511 3484
986 340 -6257
990 837 -5271
992 1484 8265
993 767 -8212
994 1470 3289
998 1233 1942
1000 1444 -2977
1001 1637 -1395
1004 1110 -2440
1005 1427 3687
1008 1501 -2955
1014 952 3909
1015 1209 8674
1021 831 574
1022 1585 837
1025 1412 -5519
1031 1369 -5819
1035 1310 3370
1038 848 -4102
1039 877 -4770
1041 424 1524
1048 202 -4219
1049 404 7772
1050 822 -9908
1053 96 -3006
1055 90 -2134
1056 615 3212
1069 728 -6692
1072 773 4870
1073 532 5319
1075 432 -7055
1082 1942 -8468
1088 1102 9399
1089 508 2331
1091 1002 8971
1092 604 -8463
1093 128 364
1094 955 5413
1097 1561 -6552
1098 1055 -3488
1101 34 439
1105 1409 -899
1110 902 4569
1118 851 -3792
1119 526 -15
1121 1840 -1851
1123 460 6871
1124 219 -856
1133 827 8342
1137 1931 7086
1142 1056 7054
1146 1701 -1206
1150 1298 7536
1152 1118 -9482
1153 854 -3173
1155 1426 -7979
1159 1509 -3401
1162 1526 -7889
1163 553 6232
1170 1620 -5400
1173 399 -1023
1177 867 2152
1180 740 2969
1182 75 1570
1183 338 1291
1186 1251 1047
1187 432 7550
1190 1037 -5330
1194 1619 -3665
1201 621 -3878
1203 1809 -7910
1205 1382 -9876
1213 823 2151
1214 634 6330
1216 1455 3747
1220 1401 -3944
1224 400 -6682
1226 1276 9435
1227 232 -7092
1229 455 2741
1230 315 -8586
1233 735 -259
1235 1520 -1594
1240 1797 -5687
1243 340 5668
1249 514 -4333
1250 436 -4220
1254 1192 -9559
1258 426 -1426
1261 1330 9671
1262 643 1655
1263 424 -7669
1264 1015 -5809
1267 791 -9761
1268 1023 2281
1274 179 -7059
1275 1212 2677
1277 202 -5931
1280 128 -6721
1283 960 -4665
1284 908 -4490
1285 1633 6275
1294 1130 -7744
1296 1197 4891
1297 1990 8427
1301 982 7686
1302 1963 6302
1304 896 8316
1305 331 2296
1310 1150 3697
1311 1877 7461
1312 1425 674
1315 1061 4448
1316 1287 7627
1318 1525 4061
1320 3 -5423
1322 998 -1399
1324 1139 9224
1325 1605 -3972
1327 165 -6440
1332 1601 -4945
1335 939 7403
1336 244 -9606
1338 950 96
1342 1566 -8199
1346 1581 -2221
1348 204 9127
1351 1793 -7435
1352 1017 -6150
1353 1271 -3628
1359 42 -972
1360 638 5245
1373 1718 9999
1374 11 6003
1375 1785 -3597
1379 1520 -7826
1381 1899 6615
1382 1043 -1416
1388 470 6036
1402 776 4504
1404 910 8729
1410 1714 -2540
1412 1406 3240
1413 184 8285
1414 1862 6305
1421 699 -9860
1434 626 -1009
1438 173 -6755
1439 697 -545
1440 664 -4782
1451 1487 -1744
1454 627 8832
1457 1617 -1123
1459 1067 -7815
1462 599 -361
1466 909 9424
1467 456 -4269
1469 1567 2904
1475 1858 5330
1476 505 -2561
1480 1881 9094
1481 1087 -561
1482 125 -6510
1487 1201 -2763
1488 419 267
1489 979 -6387
1490 16 2165
1493 371 3865
1494 956 7354
1497 1860 1514
1498 1884 8130
1502 1728 -4670
1505 305 9848
1507 262 7826
1508 1590 2058
1509 305 -4949
1510 1070 7407
1511 1847 -1671
1512 144 -9144
1517 994 -175
1518 1061 7569
1523 359 5004
1524 793 -6971
1525 428 -9446
1528 1800 6628
1532 491 3429
1535 940 -3080
1540 667 -9979
1544 1500 -2418
1551 1697 1702
1562 1884 -6395
1563 1261 9564
1572 1365 2975
1582 777 -3464
1586 1298 -9031
1589 1656 -5167
1591 1369 9924
1594 737 3356
1595 792 -600
1600 1909 2745
1604 105 -8744
1605 1038 -3048
1606 660 3125
1607 254 -2684
1611 820 -6680
1615 630 -8904
1619 464 9788
1620 88 -4689
1624 4 -2390
1626 1768 7773
1637 932 -5871
1648 678 -7542
1650 140 5596
1651 732 1095
1652 1130 -7756
1655 104 -3664
1660 741 -2113
1661 649 2416
1665 890 4875
1666 1441 1604
1670 1960 -6739
1672 939 7131
1674 1426 -1017
1676 794 -2705
1677 1787 -2572
1679 118 -4163
1687 1894 7554
1688 392 3623
1689 1000 8197
1690 501 -3355
1692 311 -2766
1695 1493 -8765
1696 792 9506
1699 1586 -2865
1701 1423 -6762
1702 384 7930
1703 1515 -1371
1705 1449 -2016
1712 1050 -7919
1714 1812 -9881
1717 1232 -581
1719 224 4111
1720 1150 5603
1726 269 -6290
1728 1634 9092
1739 671 4272
1740 272 -2090
1741 1199 -5520
1746 1374 -1983
1748 1457 -2178
1749 51 -4530
1753 298 6661
1756 1425 8986
1759 1046 -5727
1767 1060 9399
1779 652 5398
1784 949 -5895
1786 1007 -722
1788 591 -6246
1789 1280 8618
1793 1632 9741
1795 261 8214
1799 343 1916
1800 1009 8489
1802 1203 -5017
1803 248 555
1806 115 8274
1808 516 2851
1812 324 -8803
1813 88 -7472
1814 1508 2994
1815 534 -4665
1820 1555 6493
1822 218 -4499
1829 1969 -8621
1830 1501 -2743
1832 253 -5616
1833 1940 -1594
1838 1728 -8801
1839 482 -7764
1843 1124 -1555
1844 1343 -446
1846 166 4199
1847 1494 6354
1848 1694 6712
1852 1628 1378
1853 1424 1197
1859 695 4611
1865 424 -6446
1867 21 -3618
1872 416 2928
1874 1183 5101
1875 696 2503
1881 1830 9087
1882 1212 -1674
1885 1567 -9497
1886 537 -7604
1888 845 4852
1892 493 -5585
1895 1992 -3539
1899 1267 -4554
1901 582 3872
1907 1571 9792
1913 842 -1232
1922 1040 1642
1923 1868 -1322
1924 832 -2213
1927 1381 2286
1935 930 -5689
1936 1318 -6836
1941 1583 -3138
1945 243 5604
1946 1152 28
1950 1998 -4264
1953 791 7308
1955 1486 3123
1956 415 4091
1959 198 -962
1963 153 -1294
1965 1965 313
1966 186 -6500
1969 1877 9005
1972 930 -3557
1975 432 9735
1976 341 4555
1977 1696 5231
1979 1592 -8867
1980 1913 -9646
1984 897 9185
1987 1094 -3075
1989 1066 -3209
1990 186 9289
1991 1000 4
