4000 5316
1 2 9500
2 3 -1108
3 4 -5134
4 5 -9216
5 6 -7509
6 7 -3753
7 8 2772
8 9 4065
9 10 7571
10 11 5033
11 12 -7693
12 13 -8360
13 14 3705
14 15 5833
15 16 3934
16 17 8546
17 18 -4225
18 19 -9952
19 20 6563
20 21 -1764
21 22 2078
22 23 -8594
23 24 -669
24 25 -160
25 26 -2918
26 27 -7818
27 28 4361
28 29 5430
29 30 3996
30 31 -7046
31 32 3580
32 33 1321
33 34 219
34 35 9004
35 36 -2971
36 37 -3591
37 38 5798
38 39 -7925
39 40 -6129
40 41 1162
41 42 3090
42 43 -1637
43 44 8966
44 45 1095
45 46 -6607
46 47 -8578
47 48 3683
48 49 2228
49 50 -4044
50 51 -7595
51 52 6787
52 53 7260
53 54 3490
54 55 -14
55 56 -586
56 57 5649
57 58 -5050
58 59 -3557
59 60 1932
60 61 5620
61 62 -4002
62 63 -7477
63 64 -285
64 65 -9626
65 66 849
66 67 -3651
67 68 4540
68 69 -943
69 70 317
70 71 971
71 72 -1338
72 73 1013
73 74 2160
74 75 -742
75 76 6444
76 77 -622
77 78 -1551
78 79 -7123
79 80 -372
80 81 -4104
81 82 -782
82 83 -8173
83 84 1128
84 85 6894
85 86 -7459
86 87 -3668
87 88 2199
88 89 -1230
89 90 -155
90 91 -6977
91 92 8765
92 93 61
93 94 -1510
94 95 7571
95 96 5754
96 97 -615
97 98 6965
98 99 6518
99 100 9250
100 101 -274
101 102 4293
102 103 4032
103 104 -4540
104 105 2592
105 106 1213
106 107 -9171
107 108 -9735
108 109 5877
109 110 6033
110 111 -8626
111 112 5697
112 113 3792
113 114 9947
114 115 9905
115 116 -8319
116 117 -4506
117 118 -8058
118 119 -2543
119 120 -575
120 121 1428
121 122 -5590
122 123 -5312
123 124 1622
124 125 -3816
125 126 -2099
126 127 6577
127 128 3404
128 129 8086
129 130 -3306
130 131 398
131 132 -9573
132 133 -8734
133 134 -5444
134 135 7599
135 136 -8090
136 137 -7607
137 138 -5469
138 139 1188
139 140 -2615
140 141 2962
141 142 -5252
142 143 -2219
143 144 3945
144 145 7251
145 146 -473
146 147 6411
147 148 -3990
148 149 7501
149 150 -9159
150 151 7289
151 152 839
152 153 1166
153 154 8004
154 155 8159
155 156 -2606
156 157 7473
157 158 -7665
158 159 -9118
159 160 1673
160 161 9345
161 162 -7711
162 163 -6934
163 164 4563
164 165 -8203
165 166 -2862
166 167 -4007
167 168 -6070
168 169 4407
169 170 6974
170 171 -2263
171 172 1384
172 173 132
173 174 -3855
174 175 -3205
175 176 -9097
176 177 8925
177 178 -2335
178 179 -1913
179 180 -1562
180 181 87
181 182 -4957
182 183 2046
183 184 -6044
184 185 1712
185 186 -2873
186 187 -9774
187 188 -7937
188 189 1697
189 190 2747
190 191 517
191 192 7223
192 193 1333
193 194 -8797
194 195 4278
195 196 -8608
196 197 3156
197 198 1027
198 199 -9676
199 200 5316
200 201 -948
201 202 9535
202 203 5380
203 204 -9116
204 205 -3369
205 206 2039
206 207 -2428
207 208 9745
208 209 -2072
209 210 -6546
210 211 5788
211 212 -5087
212 213 -4106
213 214 7230
214 215 -1988
215 216 -89
216 217 1919
217 218 282
218 219 -1286
219 220 8012
220 221 4978
221 222 6237
222 223 7457
223 224 3629
224 225 304
225 226 -5533
226 227 -9763
227 228 -6292
228 229 9579
229 230 6675
230 231 3260
231 232 -444
232 233 -6761
233 234 -7554
234 235 3091
235 236 -1157
236 237 6882
237 238 1276
238 239 6865
239 240 -1607
240 241 5239
241 242 -5058
242 243 -2103
243 244 -8368
244 245 8228
245 246 1932
246 247 -4724
247 248 -1306
248 249 -9990
249 250 9240
250 251 -1891
251 252 3525
252 253 -398
253 254 6031
254 255 -8990
255 256 502
256 257 -3772
257 258 2830
258 259 -7961
259 260 -2672
260 261 -1146
261 262 -2913
262 263 7557
263 264 813
264 265 -406
265 266 2930
266 267 -5193
267 268 481
268 269 -1186
269 270 -4603
270 271 6799
271 272 -1339
272 273 6021
273 274 8598
274 275 4487
275 276 -3719
276 277 128
277 278 -2006
278 279 -5483
279 280 -6307
280 281 4218
281 282 -6420
282 283 5149
283 284 -5320
284 285 3682
285 286 -4424
286 287 1926
287 288 -637
288 289 -8568
289 290 -3304
290 291 3962
291 292 580
292 293 -9337
293 294 1964
294 295 8019
295 296 8418
296 297 -2342
297 298 3633
298 299 -5635
299 300 -6029
300 301 6653
301 302 2901
302 303 -767
303 304 5153
304 305 3087
305 306 8838
306 307 5382
307 308 -2923
308 309 -6511
309 310 5859
310 311 -278
311 312 -5199
312 313 -390
313 314 9702
314 315 -3119
315 316 -2015
316 317 -2659
317 318 6966
318 319 8665
319 320 -5683
320 321 9278
321 322 4991
322 323 -2848
323 324 -7039
324 325 6593
325 326 9962
326 327 -1042
327 328 1917
328 329 3034
329 330 -2309
330 331 -5792
331 332 2731
332 333 5212
333 334 7147
334 335 -4709
335 336 -135
336 337 -7449
337 338 3419
338 339 -2473
339 340 7845
340 341 -953
341 342 8924
342 343 -194
343 344 741
344 345 1460
345 346 -9953
346 347 9320
347 348 2642
348 349 4906
349 350 -6783
350 351 10
351 352 -9872
352 353 6241
353 354 9016
354 355 6109
355 356 -4912
356 357 6761
357 358 7656
358 359 -9121
359 360 9508
360 361 2772
361 362 -2497
362 363 1216
363 364 -2344
364 365 4557
365 366 -9126
366 367 6333
367 368 4193
368 369 1974
369 370 -2217
370 371 -4763
371 372 -5704
372 373 1260
373 374 -4296
374 375 -9602
375 376 -2043
376 377 8834
377 378 -5360
378 379 -3797
379 380 -2977
380 381 8309
381 382 -1392
382 383 -208
383 384 -758
384 385 -7683
385 386 -7318
386 387 -713
387 388 8122
388 389 8761
389 390 2727
390 391 9429
391 392 3831
392 393 8890
393 394 -194
394 395 -6585
395 396 5822
396 397 -3399
397 398 9340
398 399 6161
399 400 -6833
400 401 90
401 402 -3334
402 403 918
403 404 2773
404 405 -8543
405 406 205
406 407 -442
407 408 7069
408 409 469
409 410 -632
410 411 555
411 412 -2576
412 413 5436
413 414 2146
414 415 -9981
415 416 -6722
416 417 125
417 418 3147
418 419 -493
419 420 7898
420 421 -5704
421 422 -9444
422 423 -9652
423 424 -138
424 425 -9944
425 426 -2094
426 427 -1342
427 428 6428
428 429 -1255
429 430 1275
430 431 1043
431 432 947
432 433 2891
433 434 -5160
434 435 8777
435 436 -1138
436 437 -4472
437 438 2417
438 439 -1159
439 440 -7757
440 441 3566
441 442 4046
442 443 -4736
443 444 -4540
444 445 -4977
445 446 4547
446 447 -458
447 448 7059
448 449 -4575
449 450 3098
450 451 -6033
451 452 -5414
452 453 3817
453 454 -3391
454 455 -544
455 456 -8576
456 457 -6069
457 458 5085
458 459 -8215
459 460 -858
460 461 4922
461 462 -5687
462 463 3139
463 464 9934
464 465 -8179
465 466 -7827
466 467 -5738
467 468 501
468 469 1264
469 470 -6630
470 471 -9720
471 472 8199
472 473 -2674
473 474 -9311
474 475 2093
475 476 3050
476 477 -1161
477 478 7236
478 479 8180
479 480 822
480 481 4222
481 482 9745
482 483 8278
483 484 -1175
484 485 -4401
485 486 1638
486 487 860
487 488 3450
488 489 -5997
489 490 8126
490 491 -3213
491 492 -6088
492 493 86
493 494 6131
494 495 5413
495 496 8682
496 497 -7483
497 498 2451
498 499 2550
499 500 3949
500 501 8681
501 502 9024
502 503 -1061
503 504 -9932
504 505 106
505 506 3135
506 507 6933
507 508 6730
508 509 5768
509 510 -8286
510 511 -212
511 512 9487
512 513 9618
513 514 8924
514 515 -6513
515 516 -3141
516 517 -4991
517 518 1297
518 519 -1761
519 520 -3009
520 521 -7884
521 522 3175
522 523 849
523 524 -9423
524 525 -2896
525 526 4022
526 527 1914
527 528 -4319
528 529 -4568
529 530 -5250
530 531 -6121
531 532 -1287
532 533 -4809
533 534 -4289
534 535 -5588
535 536 -2915
536 537 -5253
537 538 -7773
538 539 803
539 540 -4098
540 541 -173
541 542 1539
542 543 -1846
543 544 -918
544 545 3939
545 546 4566
546 547 9140
547 548 -9532
548 549 6467
549 550 -6858
550 551 -3664
551 552 302
552 553 -9280
553 554 -9864
554 555 4297
555 556 -1423
556 557 -6834
557 558 -8345
558 559 -9080
559 560 7756
560 561 -7611
561 562 537
562 563 -9055
563 564 9695
564 565 9547
565 566 -7157
566 567 -6125
567 568 3807
568 569 5287
569 570 3880
570 571 -2470
571 572 7768
572 573 -192
573 574 -8120
574 575 7808
575 576 7544
576 577 371
577 578 263
578 579 5514
579 580 5746
580 581 331
581 582 -7435
582 583 4073
583 584 -3668
584 585 5762
585 586 -5004
586 587 2279
587 588 -9992
588 589 8366
589 590 -2587
590 591 -8008
591 592 2343
592 593 317
593 594 9121
594 595 -7589
595 596 7129
596 597 8753
597 598 -2708
598 599 -3980
599 600 -72
600 601 -3347
601 602 -8122
602 603 -9533
603 604 -2185
604 605 -8077
605 606 2405
606 607 1368
607 608 -4709
608 609 333
609 610 -7215
610 611 6104
611 612 2412
612 613 4360
613 614 5064
614 615 -7239
615 616 -6183
616 617 -2408
617 618 332
618 619 -7167
619 620 -7927
620 621 -486
621 622 -8094
622 623 8456
623 624 -7759
624 625 3351
625 626 4396
626 627 -9159
627 628 91
628 629 -8051
629 630 -6541
630 631 -7045
631 632 6606
632 633 -3664
633 634 -291
634 635 -6336
635 636 -9776
636 637 7222
637 638 8750
638 639 405
639 640 7704
640 641 5997
641 642 3022
642 643 -2369
643 644 7505
644 645 1585
645 646 -6086
646 647 7858
647 648 -4423
648 649 9296
649 650 -6961
650 651 -4365
651 652 -213
652 653 2279
653 654 8117
654 655 -5388
655 656 -7165
656 657 2048
657 658 4522
658 659 -3335
659 660 -2607
660 661 -3810
661 662 6489
662 663 -8823
663 664 1051
664 665 8478
665 666 8692
666 667 -2297
667 668 650
668 669 -1500
669 670 4085
670 671 -5240
671 672 -2333
672 673 -1450
673 674 -6188
674 675 1269
675 676 -5368
676 677 5186
677 678 8278
678 679 4589
679 680 3464
680 681 -9114
681 682 -9141
682 683 8326
683 684 -3313
684 685 -8477
685 686 -5442
686 687 493
687 688 -7478
688 689 8977
689 690 -4780
690 691 -3859
691 692 -3184
692 693 1407
693 694 -3897
694 695 -6535
695 696 343
696 697 -7192
697 698 2353
698 699 -5990
699 700 7906
700 701 -8024
701 702 3953
702 703 9029
703 704 -9463
704 705 3583
705 706 1636
706 707 7165
707 708 607
708 709 8410
709 710 1321
710 711 -6237
711 712 1466
712 713 -3650
713 714 4177
714 715 -3861
715 716 6508
716 717 -6807
717 718 -4303
718 719 9778
719 720 1827
720 721 9672
721 722 4744
722 723 -9872
723 724 7903
724 725 -284
725 726 9311
726 727 9259
727 728 5841
728 729 -2322
729 730 4872
730 731 5195
731 732 -904
732 733 -9893
733 734 9331
734 735 -8784
735 736 -9552
736 737 -9521
737 738 527
738 739 -829
739 740 4945
740 741 -3800
741 742 -258
742 743 -112
743 744 734
744 745 -8229
745 746 6418
746 747 2107
747 748 -6598
748 749 9089
749 750 -8827
750 751 -8020
751 752 7287
752 753 -5772
753 754 -7632
754 755 -3989
755 756 -4052
756 757 2664
757 758 -9755
758 759 5236
759 760 -5302
760 761 3050
761 762 6286
762 763 3967
763 764 -8023
764 765 2182
765 766 8197
766 767 -1995
767 768 8549
768 769 -1861
769 770 5694
770 771 -9626
771 772 -9025
772 773 -8356
773 774 -1658
774 775 6410
775 776 4385
776 777 -6875
777 778 -3811
778 779 -884
779 780 -3457
780 781 -8906
781 782 -2
782 783 232
783 784 -9914
784 785 -707
785 786 -8976
786 787 -539
787 788 -477
788 789 -5915
789 790 862
790 791 1935
791 792 -9535
792 793 9464
793 794 -2442
794 795 4701
795 796 6938
796 797 -1489
797 798 -8845
798 799 -3828
799 800 4677
800 801 -6199
801 802 -1725
802 803 -1892
803 804 3195
804 805 4190
805 806 1867
806 807 -7525
807 808 3334
808 809 8597
809 810 8299
810 811 -6033
811 812 7477
812 813 1252
813 814 -3641
814 815 9554
815 816 -1829
816 817 7882
817 818 316
818 819 -557
819 820 -9093
820 821 -7573
821 822 -6721
822 823 -2099
823 824 -9011
824 825 6083
825 826 -7169
826 827 -8413
827 828 359
828 829 -1857
829 830 -2751
830 831 -2172
831 832 3382
832 833 4747
833 834 -3036
834 835 -976
835 836 -7668
836 837 -775
837 838 1498
838 839 9201
839 840 3085
840 841 -565
841 842 -8335
842 843 -321
843 844 -1861
844 845 -3183
845 846 -3168
846 847 4204
847 848 -8475
848 849 213
849 850 9033
850 851 3840
851 852 6830
852 853 181
853 854 8207
854 855 2057
855 856 -8700
856 857 -8944
857 858 2103
858 859 -7910
859 860 8680
860 861 3090
861 862 9968
862 863 -7882
863 864 -8097
864 865 -6526
865 866 -753
866 867 -4432
867 868 -3624
868 869 7285
869 870 -6041
870 871 1095
871 872 -813
872 873 43
873 874 -2397
874 875 9338
875 876 4750
876 877 -9949
877 878 -9941
878 879 7523
879 880 -8249
880 881 -1980
881 882 -5418
882 883 -6263
883 884 -2741
884 885 -5529
885 886 -8161
886 887 1202
887 888 -6552
888 889 901
889 890 8942
890 891 -9240
891 892 -7965
892 893 -8266
893 894 7625
894 895 -8705
895 896 -9112
896 897 -3930
897 898 8229
898 899 -4432
899 900 -7836
900 901 -6524
901 902 -8281
902 903 5839
903 904 3354
904 905 -4526
905 906 8891
906 907 -6947
907 908 3451
908 909 -9963
909 910 445
910 911 2140
911 912 5445
912 913 -1330
913 914 954
914 915 6564
915 916 -2480
916 917 -6775
917 918 -7359
918 919 371
919 920 -7017
920 921 -6306
921 922 -3869
922 923 9121
923 924 5532
924 925 1382
925 926 474
926 927 6208
927 928 -7307
928 929 -77
929 930 2354
930 931 3508
931 932 7814
932 933 -4589
933 934 4764
934 935 -7730
935 936 7403
936 937 8048
937 938 4806
938 939 -1070
939 940 -9440
940 941 -9686
941 942 9377
942 943 -7944
943 944 -6019
944 945 -9703
945 946 9731
946 947 -1362
947 948 66
948 949 -8079
949 950 3286
950 951 -2329
951 952 9518
952 953 2876
953 954 -3861
954 955 -4772
955 956 -8877
956 957 8077
957 958 -6700
958 959 -6664
959 960 -5337
960 961 8553
961 962 293
962 963 5873
963 964 -6939
964 965 -9674
965 966 -8313
966 967 5933
967 968 4257
968 969 8332
969 970 -8420
970 971 9217
971 972 7359
972 973 -7002
973 974 -3097
974 975 8645
975 976 -8662
976 977 7099
977 978 9109
978 979 216
979 980 2212
980 981 -9866
981 982 8670
982 983 -5891
983 984 2293
984 985 5530
985 986 4020
986 987 1006
987 988 -7899
988 989 6948
989 990 6600
990 991 -1822
991 992 -6869
992 993 -9654
993 994 1487
994 995 -6543
995 996 -9252
996 997 -5786
997 998 -5640
998 999 -9990
999 1000 2667
1000 1001 -3218
1001 1002 4406
1002 1003 -7721
1003 1004 4549
1004 1005 -4634
1005 1006 -1435
1006 1007 -5623
1007 1008 -5577
1008 1009 -1603
1009 1010 4160
1010 1011 -8351
1011 1012 9924
1012 1013 -9390
1013 1014 8570
1014 1015 -1676
1015 1016 5458
1016 1017 988
1017 1018 -710
1018 1019 -935
1019 1020 -9969
1020 1021 6917
1021 1022 -8478
1022 1023 4626
1023 1024 9792
1024 1025 -5493
1025 1026 -8763
1026 1027 3765
1027 1028 -6553
1028 1029 -3597
1029 1030 -6273
1030 1031 9539
1031 1032 4286
1032 1033 -7529
1033 1034 9476
1034 1035 -5710
1035 1036 -1175
1036 1037 5890
1037 1038 1045
1038 1039 -3956
1039 1040 4257
1040 1041 4014
1041 1042 -1307
1042 1043 -6309
1043 1044 4457
1044 1045 8394
1045 1046 -5402
1046 1047 3182
1047 1048 -428
1048 1049 3451
1049 1050 -8914
1050 1051 1713
1051 1052 -4213
1052 1053 -789
1053 1054 -7999
1054 1055 -5025
1055 1056 5974
1056 1057 -3876
1057 1058 -2085
1058 1059 -7098
1059 1060 -4273
1060 1061 -3826
1061 1062 -7718
1062 1063 -1560
1063 1064 4718
1064 1065 -5132
1065 1066 -2869
1066 1067 -6882
1067 1068 9526
1068 1069 -3273
1069 1070 8653
1070 1071 -5858
1071 1072 6255
1072 1073 2544
1073 1074 -5964
1074 1075 -7565
1075 1076 -5175
1076 1077 5018
1077 1078 3680
1078 1079 -3667
1079 1080 -4999
1080 1081 -1810
1081 1082 478
1082 1083 -2035
1083 1084 -3489
1084 1085 368
1085 1086 -7976
1086 1087 7057
1087 1088 8166
1088 1089 -4957
1089 1090 3210
1090 1091 1706
1091 1092 -7845
1092 1093 8861
1093 1094 -6740
1094 1095 4578
1095 1096 -7890
1096 1097 -745
1097 1098 -1311
1098 1099 3574
1099 1100 2516
1100 1101 9576
1101 1102 -7010
1102 1103 3726
1103 1104 -180
1104 1105 -9305
1105 1106 -6615
1106 1107 -974
1107 1108 -6707
1108 1109 -2872
1109 1110 -2676
1110 1111 8792
1111 1112 7489
1112 1113 -5676
1113 1114 -5054
1114 1115 -236
1115 1116 -1669
1116 1117 -9787
1117 1118 -2273
1118 1119 -8374
1119 1120 -2427
1120 1121 -9557
1121 1122 -7243
1122 1123 -8353
1123 1124 5253
1124 1125 -5387
1125 1126 5469
1126 1127 4921
1127 1128 -2406
1128 1129 -7816
1129 1130 -5129
1130 1131 5810
1131 1132 2682
1132 1133 3603
1133 1134 -4414
1134 1135 3428
1135 1136 -1606
1136 1137 9559
1137 1138 4931
1138 1139 -5597
1139 1140 -3347
1140 1141 5549
1141 1142 -1497
1142 1143 2888
1143 1144 -9409
1144 1145 -5709
1145 1146 -3336
1146 1147 3444
1147 1148 3869
1148 1149 3533
1149 1150 -1513
1150 1151 7653
1151 1152 -7418
1152 1153 8194
1153 1154 9583
1154 1155 6603
1155 1156 -1068
1156 1157 -2499
1157 1158 -530
1158 1159 -2917
1159 1160 4364
1160 1161 -3940
1161 1162 9558
1162 1163 -1905
1163 1164 4711
1164 1165 -8757
1165 1166 -316
1166 1167 1496
1167 1168 9867
1168 1169 2084
1169 1170 -5752
1170 1171 -9625
1171 1172 7422
1172 1173 3620
1173 1174 7287
1174 1175 1418
1175 1176 -6406
1176 1177 1626
1177 1178 6586
1178 1179 -6903
1179 1180 -1585
1180 1181 -3774
1181 1182 7052
1182 1183 -3202
1183 1184 -1252
1184 1185 157
1185 1186 8164
1186 1187 7306
1187 1188 -4601
1188 1189 9482
1189 1190 4517
1190 1191 -9489
1191 1192 543
1192 1193 -16
1193 1194 7748
1194 1195 3797
1195 1196 -6574
1196 1197 7501
1197 1198 -92
1198 1199 -2250
1199 1200 181
1200 1201 -3258
1201 1202 -778
1202 1203 5456
1203 1204 -6540
1204 1205 -4110
1205 1206 -1053
1206 1207 -5258
1207 1208 4771
1208 1209 2018
1209 1210 7565
1210 1211 2417
1211 1212 -2477
1212 1213 -272
1213 1214 1290
1214 1215 9075
1215 1216 -2332
1216 1217 -2732
1217 1218 5337
1218 1219 3466
1219 1220 -4180
1220 1221 -1126
1221 1222 -9110
1222 1223 8755
1223 1224 -5835
1224 1225 937
1225 1226 445
1226 1227 2893
1227 1228 4103
1228 1229 603
1229 1230 589
1230 1231 -2223
1231 1232 6130
1232 1233 -4170
1233 1234 -8848
1234 1235 -5827
1235 1236 -9929
1236 1237 2074
1237 1238 -995
1238 1239 -874
1239 1240 -442
1240 1241 -2504
1241 1242 5550
1242 1243 3048
1243 1244 -7891
1244 1245 -2530
1245 1246 -6520
1246 1247 6707
1247 1248 -610
1248 1249 9587
1249 1250 4157
1250 1251 -3220
1251 1252 2775
1252 1253 4144
1253 1254 -9524
1254 1255 7888
1255 1256 -5229
1256 1257 683
1257 1258 -9506
1258 1259 -3486
1259 1260 5456
1260 1261 -746
1261 1262 -1818
1262 1263 7077
1263 1264 6874
1264 1265 -6168
1265 1266 -2875
1266 1267 -5636
1267 1268 7070
1268 1269 1924
1269 1270 6988
1270 1271 -3676
1271 1272 -6634
1272 1273 -1754
1273 1274 -1146
1274 1275 5287
1275 1276 3350
1276 1277 -9011
1277 1278 1293
1278 1279 -6895
1279 1280 -7084
1280 1281 5109
1281 1282 3448
1282 1283 -2306
1283 1284 -9434
1284 1285 -2000
1285 1286 -1573
1286 1287 -5726
1287 1288 -5102
1288 1289 8681
1289 1290 -3419
1290 1291 8520
1291 1292 3332
1292 1293 -2648
1293 1294 1237
1294 1295 -1145
1295 1296 -8991
1296 1297 2188
1297 1298 4061
1298 1299 7161
1299 1300 -4023
1300 1301 8261
1301 1302 -4243
1302 1303 -8565
1303 1304 -3818
1304 1305 8792
1305 1306 -3137
1306 1307 6868
1307 1308 -6847
1308 1309 -8833
1309 1310 8734
1310 1311 197
1311 1312 5003
1312 1313 -6218
1313 1314 -1031
1314 1315 -1745
1315 1316 -6180
1316 1317 5533
1317 1318 -3487
1318 1319 -1544
1319 1320 7300
1320 1321 5708
1321 1322 7456
1322 1323 6443
1323 1324 -1025
1324 1325 5164
1325 1326 317
1326 1327 -8916
1327 1328 7699
1328 1329 -9731
1329 1330 -1003
1330 1331 -7178
1331 1332 -7088
1332 1333 -8548
1333 1334 -6495
1334 1335 8603
1335 1336 -3695
1336 1337 -6550
1337 1338 7631
1338 1339 -8272
1339 1340 -7549
1340 1341 -7565
1341 1342 3638
1342 1343 -6421
1343 1344 -1064
1344 1345 -7534
1345 1346 -2115
1346 1347 -5708
1347 1348 5393
1348 1349 -8966
1349 1350 6090
1350 1351 4546
1351 1352 -611
1352 1353 -6853
1353 1354 8802
1354 1355 -502
1355 1356 4737
1356 1357 978
1357 1358 7649
1358 1359 4861
1359 1360 -3005
1360 1361 2390
1361 1362 9145
1362 1363 1171
1363 1364 -696
1364 1365 4942
1365 1366 -3002
1366 1367 6317
1367 1368 -3794
1368 1369 6632
1369 1370 2696
1370 1371 9319
1371 1372 7605
1372 1373 -8858
1373 1374 -2180
1374 1375 -1185
1375 1376 -308
1376 1377 7711
1377 1378 -1563
1378 1379 -1338
1379 1380 -8692
1380 1381 1330
1381 1382 -2409
1382 1383 2640
1383 1384 -8118
1384 1385 6729
1385 1386 3394
1386 1387 -4422
1387 1388 -4209
1388 1389 -5682
1389 1390 -7900
1390 1391 -6831
1391 1392 -2832
1392 1393 8496
1393 1394 -318
1394 1395 -1877
1395 1396 -5585
1396 1397 8937
1397 1398 1139
1398 1399 -5225
1399 1400 7754
1400 1401 -7791
1401 1402 -853
1402 1403 720
1403 1404 8346
1404 1405 -9986
1405 1406 -9594
1406 1407 1315
1407 1408 -1699
1408 1409 7638
1409 1410 -6048
1410 1411 4889
1411 1412 979
1412 1413 6413
1413 1414 2152
1414 1415 -620
1415 1416 -2898
1416 1417 5084
1417 1418 9366
1418 1419 -7956
1419 1420 -7049
1420 1421 -5818
1421 1422 7674
1422 1423 2510
1423 1424 2034
1424 1425 -178
1425 1426 -3803
1426 1427 -7396
1427 1428 1658
1428 1429 8480
1429 1430 -6722
1430 1431 7634
1431 1432 -3951
1432 1433 -8505
1433 1434 1585
1434 1435 6323
1435 1436 -1651
1436 1437 -3328
1437 1438 1384
1438 1439 4678
1439 1440 -4047
1440 1441 -9642
1441 1442 2847
1442 1443 2683
1443 1444 2727
1444 1445 4020
1445 1446 5464
1446 1447 8839
1447 1448 -5325
1448 1449 -7440
1449 1450 7296
1450 1451 8708
1451 1452 8194
1452 1453 3442
1453 1454 3267
1454 1455 6143
1455 1456 2134
1456 1457 -1892
1457 1458 -1839
1458 1459 6747
1459 1460 -2165
1460 1461 -3482
1461 1462 -9605
1462 1463 5737
1463 1464 3660
1464 1465 -8360
1465 1466 -1520
1466 1467 -4097
1467 1468 927
1468 1469 4432
1469 1470 4297
1470 1471 -2939
1471 1472 -2599
1472 1473 -4483
1473 1474 -4472
1474 1475 -4652
1475 1476 -7251
1476 1477 9239
1477 1478 -3052
1478 1479 -648
1479 1480 -1920
1480 1481 -296
1481 1482 9118
1482 1483 -2946
1483 1484 -6769
1484 1485 6178
1485 1486 6898
1486 1487 -2974
1487 1488 7741
1488 1489 8432
1489 1490 -2533
1490 1491 -6445
1491 1492 3877
1492 1493 -9739
1493 1494 8522
1494 1495 4220
1495 1496 955
1496 1497 5695
1497 1498 -1416
1498 1499 -7374
1499 1500 4704
1500 1501 6056
1501 1502 -9912
1502 1503 -5485
1503 1504 -1129
1504 1505 -5429
1505 1506 1079
1506 1507 -2418
1507 1508 991
1508 1509 7310
1509 1510 1199
1510 1511 6587
1511 1512 -3282
1512 1513 5907
1513 1514 9791
1514 1515 -2579
1515 1516 6313
1516 1517 7434
1517 1518 -9932
1518 1519 -9024
1519 1520 -2697
1520 1521 -3919
1521 1522 4448
1522 1523 -9126
1523 1524 -8829
1524 1525 5770
1525 1526 7176
1526 1527 8060
1527 1528 6743
1528 1529 -6650
1529 1530 -7305
1530 1531 -5136
1531 1532 8869
1532 1533 -3197
1533 1534 -99
1534 1535 -4904
1535 1536 9828
1536 1537 5756
1537 1538 -7487
1538 1539 -6977
1539 1540 -2384
1540 1541 -4037
1541 1542 -5623
1542 1543 -9207
1543 1544 8309
1544 1545 -7651
1545 1546 -9815
1546 1547 -6710
1547 1548 7848
1548 1549 -8125
1549 1550 -7966
1550 1551 -9137
1551 1552 -4192
1552 1553 -4966
1553 1554 -6459
1554 1555 2761
1555 1556 7552
1556 1557 -9516
1557 1558 4163
1558 1559 7079
1559 1560 -2569
1560 1561 4687
1561 1562 6747
1562 1563 4277
1563 1564 9412
1564 1565 7643
1565 1566 -8142
1566 1567 2908
1567 1568 -2387
1568 1569 -5132
1569 1570 1423
1570 1571 821
1571 1572 5338
1572 1573 7271
1573 1574 2822
1574 1575 8707
1575 1576 9908
1576 1577 521
1577 1578 8761
1578 1579 -3642
1579 1580 -8969
1580 1581 4862
1581 1582 -6430
1582 1583 9468
1583 1584 7524
1584 1585 6489
1585 1586 8609
1586 1587 -9241
1587 1588 -8507
1588 1589 3700
1589 1590 7726
1590 1591 2369
1591 1592 6435
1592 1593 275
1593 1594 1593
1594 1595 -3862
1595 1596 9838
1596 1597 4127
1597 1598 -565
1598 1599 6397
1599 1600 -9184
1600 1601 9488
1601 1602 -2610
1602 1603 4368
1603 1604 1519
1604 1605 7187
1605 1606 1641
1606 1607 691
1607 1608 -3325
1608 1609 -2830
1609 1610 3802
1610 1611 8202
1611 1612 9502
1612 1613 -2018
1613 1614 4061
1614 1615 -2882
1615 1616 -9372
1616 1617 6975
1617 1618 -1003
1618 1619 -7038
1619 1620 4837
1620 1621 6579
1621 1622 -4805
1622 1623 -7517
1623 1624 7025
1624 1625 5160
1625 1626 -3164
1626 1627 -4351
1627 1628 8676
1628 1629 -4108
1629 1630 -5296
1630 1631 -1906
1631 1632 8211
1632 1633 7186
1633 1634 -5995
1634 1635 -2173
1635 1636 7077
1636 1637 -6328
1637 1638 2307
1638 1639 -3201
1639 1640 5328
1640 1641 -7516
1641 1642 6295
1642 1643 -5955
1643 1644 6765
1644 1645 -9791
1645 1646 5423
1646 1647 -5677
1647 1648 9472
1648 1649 1586
1649 1650 -6991
1650 1651 7466
1651 1652 4384
1652 1653 -3751
1653 1654 8973
1654 1655 -133
1655 1656 -3086
1656 1657 1178
1657 1658 8326
1658 1659 325
1659 1660 -646
1660 1661 9853
1661 1662 9468
1662 1663 9982
1663 1664 -5549
1664 1665 -6748
1665 1666 -9258
1666 1667 1240
1667 1668 -198
1668 1669 -5977
1669 1670 6330
1670 1671 5907
1671 1672 -6175
1672 1673 -870
1673 1674 5207
1674 1675 1854
1675 1676 7201
1676 1677 6135
1677 1678 -6553
1678 1679 -1999
1679 1680 -4615
1680 1681 1146
1681 1682 9664
1682 1683 36
1683 1684 -8441
1684 1685 2313
1685 1686 -5565
1686 1687 5921
1687 1688 837
1688 1689 9614
1689 1690 1958
1690 1691 7218
1691 1692 -8645
1692 1693 -62
1693 1694 6240
1694 1695 -2384
1695 1696 17
1696 1697 8592
1697 1698 -7393
1698 1699 -7800
1699 1700 991
1700 1701 -7396
1701 1702 -1489
1702 1703 5835
1703 1704 8118
1704 1705 9419
1705 1706 1763
1706 1707 -6695
1707 1708 7627
1708 1709 6976
1709 1710 8712
1710 1711 7736
1711 1712 -7012
1712 1713 -6248
1713 1714 6103
1714 1715 4825
1715 1716 4836
1716 1717 8478
1717 1718 -8788
1718 1719 4096
1719 1720 1454
1720 1721 4929
1721 1722 3819
1722 1723 8928
1723 1724 -5200
1724 1725 -6442
1725 1726 7268
1726 1727 -9860
1727 1728 -9311
1728 1729 -6713
1729 1730 -8007
1730 1731 9234
1731 1732 -3036
1732 1733 6589
1733 1734 6306
1734 1735 8706
1735 1736 -2693
1736 1737 5025
1737 1738 -4720
1738 1739 4902
1739 1740 -2158
1740 1741 1815
1741 1742 -3123
1742 1743 -6456
1743 1744 -4183
1744 1745 4964
1745 1746 771
1746 1747 9433
1747 1748 9114
1748 1749 -2177
1749 1750 -4509
1750 1751 5162
1751 1752 -5086
1752 1753 6322
1753 1754 7826
1754 1755 -664
1755 1756 2862
1756 1757 -1681
1757 1758 3135
1758 1759 9481
1759 1760 4940
1760 1761 -4193
1761 1762 -4347
1762 1763 8443
1763 1764 -7645
1764 1765 7531
1765 1766 -5652
1766 1767 1147
1767 1768 -2910
1768 1769 2642
1769 1770 973
1770 1771 -4776
1771 1772 -3603
1772 1773 8828
1773 1774 7434
1774 1775 -2155
1775 1776 240
1776 1777 3062
1777 1778 -1654
1778 1779 -9229
1779 1780 -331
1780 1781 3902
1781 1782 -2246
1782 1783 -9240
1783 1784 1053
1784 1785 9471
1785 1786 3183
1786 1787 211
1787 1788 -2408
1788 1789 1820
1789 1790 -10
1790 1791 -5790
1791 1792 -8701
1792 1793 -5713
1793 1794 8266
1794 1795 -9157
1795 1796 9790
1796 1797 -3378
1797 1798 -9614
1798 1799 -6516
1799 1800 -8633
1800 1801 769
1801 1802 -3246
1802 1803 -7705
1803 1804 476
1804 1805 -6616
1805 1806 6307
1806 1807 -5211
1807 1808 1053
1808 1809 -1754
1809 1810 7368
1810 1811 3670
1811 1812 5888
1812 1813 2871
1813 1814 4746
1814 1815 -5679
1815 1816 7728
1816 1817 1013
1817 1818 576
1818 1819 -285
1819 1820 -562
1820 1821 -3780
1821 1822 -6103
1822 1823 1681
1823 1824 -873
1824 1825 -2981
1825 1826 -8743
1826 1827 7665
1827 1828 -1285
1828 1829 -9283
1829 1830 -6841
1830 1831 -9395
1831 1832 2273
1832 1833 -5286
1833 1834 3757
1834 1835 9369
1835 1836 -2669
1836 1837 -4042
1837 1838 6483
1838 1839 -2566
1839 1840 432
1840 1841 718
1841 1842 -8509
1842 1843 -6860
1843 1844 1943
1844 1845 7478
1845 1846 3137
1846 1847 -3219
1847 1848 -5952
1848 1849 -3854
1849 1850 4825
1850 1851 5158
1851 1852 9605
1852 1853 4265
1853 1854 2739
1854 1855 -3780
1855 1856 -2013
1856 1857 4472
1857 1858 -1096
1858 1859 -171
1859 1860 4746
1860 1861 -4081
1861 1862 -6993
1862 1863 1843
1863 1864 2742
1864 1865 1808
1865 1866 -7619
1866 1867 7271
1867 1868 7610
1868 1869 -6422
1869 1870 8258
1870 1871 -5194
1871 1872 -9565
1872 1873 7592
1873 1874 8010
1874 1875 -2467
1875 1876 6301
1876 1877 -959
1877 1878 7847
1878 1879 -3020
1879 1880 -9354
1880 1881 3733
1881 1882 8548
1882 1883 809
1883 1884 6383
1884 1885 -3849
1885 1886 -8920
1886 1887 -2992
1887 1888 -7098
1888 1889 7361
1889 1890 -5614
1890 1891 -9484
1891 1892 9599
1892 1893 -4026
1893 1894 -4402
1894 1895 -191
1895 1896 8327
1896 1897 -1116
1897 1898 -9309
1898 1899 2092
1899 1900 -9004
1900 1901 -6637
1901 1902 9622
1902 1903 5240
1903 1904 6068
1904 1905 8444
1905 1906 -8247
1906 1907 -5446
1907 1908 1837
1908 1909 -1098
1909 1910 -6832
1910 1911 3080
1911 1912 -2786
1912 1913 -9113
1913 1914 -9969
1914 1915 -914
1915 1916 8445
1916 1917 -8377
1917 1918 -5914
1918 1919 5915
1919 1920 2540
1920 1921 5062
1921 1922 3394
1922 1923 -6491
1923 1924 8893
1924 1925 -3788
1925 1926 3607
1926 1927 -748
1927 1928 5544
1928 1929 8777
1929 1930 47
1930 1931 1614
1931 1932 -9486
1932 1933 -2967
1933 1934 823
1934 1935 -7349
1935 1936 7725
1936 1937 -7190
1937 1938 5371
1938 1939 6478
1939 1940 -7014
1940 1941 170
1941 1942 1869
1942 1943 5069
1943 1944 -6628
1944 1945 -4311
1945 1946 3664
1946 1947 -8809
1947 1948 9370
1948 1949 4591
1949 1950 -7956
1950 1951 6790
1951 1952 -5699
1952 1953 575
1953 1954 1362
1954 1955 -1254
1955 1956 -7627
1956 1957 -4520
1957 1958 1362
1958 1959 -3531
1959 1960 1666
1960 1961 3163
1961 1962 -8997
1962 1963 922
1963 1964 -5856
1964 1965 604
1965 1966 6713
1966 1967 -8696
1967 1968 3084
1968 1969 -5365
1969 1970 7326
1970 1971 2598
1971 1972 -7641
1972 1973 3359
1973 1974 6093
1974 1975 9985
1975 1976 -8259
1976 1977 -4444
1977 1978 -6808
1978 1979 -5488
1979 1980 9223
1980 1981 9086
1981 1982 3380
1982 1983 -1843
1983 1984 8176
1984 1985 8691
1985 1986 -7775
1986 1987 6211
1987 1988 8495
1988 1989 1206
1989 1990 2439
1990 1991 4580
1991 1992 -8174
1992 1993 -2997
1993 1994 3629
1994 1995 -4321
1995 1996 -8112
1996 1997 6206
1997 1998 -1644
1998 1999 228
1999 2000 7044
2000 2001 7214
2001 2002 -2915
2002 2003 5182
2003 2004 4883
2004 2005 4260
2005 2006 9033
2006 2007 477
2007 2008 -471
2008 2009 -9591
2009 2010 -6711
2010 2011 6004
2011 2012 8911
2012 2013 514
2013 2014 -4486
2014 2015 -6775
2015 2016 2870
2016 2017 -1408
2017 2018 -8802
2018 2019 1651
2019 2020 1166
2020 2021 -2978
2021 2022 4406
2022 2023 -7547
2023 2024 -4512
2024 2025 -2535
2025 2026 -7269
2026 2027 -5547
2027 2028 -7532
2028 2029 -8610
2029 2030 -4218
2030 2031 -1750
2031 2032 2498
2032 2033 9540
2033 2034 -992
2034 2035 4128
2035 2036 -343
2036 2037 -4112
2037 2038 1624
2038 2039 4299
2039 2040 -7458
2040 2041 746
2041 2042 6526
2042 2043 2585
2043 2044 4598
2044 2045 256
2045 2046 4286
2046 2047 -1761
2047 2048 -9486
2048 2049 -865
2049 2050 6509
2050 2051 -731
2051 2052 -9867
2052 2053 4049
2053 2054 -1051
2054 2055 124
2055 2056 -9916
2056 2057 9737
2057 2058 -1957
2058 2059 -6946
2059 2060 8602
2060 2061 -9538
2061 2062 -7128
2062 2063 -792
2063 2064 -3058
2064 2065 -7660
2065 2066 -1383
2066 2067 815
2067 2068 3124
2068 2069 9710
2069 2070 7250
2070 2071 -5122
2071 2072 694
2072 2073 3442
2073 2074 -9121
2074 2075 -8102
2075 2076 -5683
2076 2077 8764
2077 2078 4050
2078 2079 746
2079 2080 -341
2080 2081 -2744
2081 2082 708
2082 2083 -2906
2083 2084 -7518
2084 2085 5841
2085 2086 1530
2086 2087 -224
2087 2088 -5800
2088 2089 -3500
2089 2090 -4022
2090 2091 6568
2091 2092 7027
2092 2093 3479
2093 2094 8297
2094 2095 4603
2095 2096 5513
2096 2097 4302
2097 2098 -8629
2098 2099 154
2099 2100 3420
2100 2101 -6789
2101 2102 1836
2102 2103 -7378
2103 2104 2674
2104 2105 2807
2105 2106 -1058
2106 2107 3725
2107 2108 8639
2108 2109 -3579
2109 2110 3710
2110 2111 -9407
2111 2112 3548
2112 2113 -6932
2113 2114 -9992
2114 2115 4532
2115 2116 3694
2116 2117 1213
2117 2118 6471
2118 2119 -86
2119 2120 -4151
2120 2121 2199
2121 2122 -6415
2122 2123 7864
2123 2124 -2205
2124 2125 -9313
2125 2126 4985
2126 2127 -3875
2127 2128 -4309
2128 2129 -2431
2129 2130 -8575
2130 2131 2708
2131 2132 9511
2132 2133 -8187
2133 2134 -5634
2134 2135 3049
2135 2136 3416
2136 2137 -8565
2137 2138 -6953
2138 2139 -5923
2139 2140 -9679
2140 2141 -9426
2141 2142 1300
2142 2143 8145
2143 2144 6986
2144 2145 -3492
2145 2146 -9897
2146 2147 -6544
2147 2148 8720
2148 2149 -6785
2149 2150 1666
2150 2151 4527
2151 2152 1335
2152 2153 -6100
2153 2154 7692
2154 2155 -7697
2155 2156 5966
2156 2157 -2488
2157 2158 9865
2158 2159 9934
2159 2160 -7025
2160 2161 -7860
2161 2162 -9934
2162 2163 -5242
2163 2164 8893
2164 2165 -1296
2165 2166 485
2166 2167 -4413
2167 2168 -126
2168 2169 -2922
2169 2170 -1574
2170 2171 6082
2171 2172 5840
2172 2173 203
2173 2174 6117
2174 2175 -5303
2175 2176 2561
2176 2177 -5641
2177 2178 -915
2178 2179 9084
2179 2180 5269
2180 2181 5383
2181 2182 -7872
2182 2183 -4147
2183 2184 -8388
2184 2185 8626
2185 2186 -1396
2186 2187 1043
2187 2188 -6723
2188 2189 -7169
2189 2190 2156
2190 2191 -168
2191 2192 2247
2192 2193 -8869
2193 2194 -1114
2194 2195 2605
2195 2196 -4277
2196 2197 4157
2197 2198 8790
2198 2199 187
2199 2200 -801
2200 2201 -6002
2201 2202 5015
2202 2203 3031
2203 2204 -3968
2204 2205 -4848
2205 2206 -8187
2206 2207 5837
2207 2208 4705
2208 2209 1922
2209 2210 6334
2210 2211 -5911
2211 2212 985
2212 2213 -2055
2213 2214 -7899
2214 2215 -4761
2215 2216 -9483
2216 2217 -9695
2217 2218 8019
2218 2219 9813
2219 2220 -9445
2220 2221 8611
2221 2222 -9898
2222 2223 -2761
2223 2224 -6722
2224 2225 -6117
2225 2226 -2210
2226 2227 -9519
2227 2228 6412
2228 2229 3960
2229 2230 -1562
2230 2231 9531
2231 2232 3884
2232 2233 6067
2233 2234 5688
2234 2235 8746
2235 2236 -2331
2236 2237 -6809
2237 2238 -9352
2238 2239 -5409
2239 2240 -7122
2240 2241 3741
2241 2242 -1724
2242 2243 1301
2243 2244 -8074
2244 2245 8117
2245 2246 4669
2246 2247 -2537
2247 2248 8735
2248 2249 -9152
2249 2250 -4798
2250 2251 -316
2251 2252 4376
2252 2253 8818
2253 2254 -7992
2254 2255 -7338
2255 2256 -9522
2256 2257 6043
2257 2258 5505
2258 2259 2176
2259 2260 7296
2260 2261 2307
2261 2262 3418
2262 2263 4874
2263 2264 9459
2264 2265 3575
2265 2266 -221
2266 2267 -6915
2267 2268 3494
2268 2269 -8809
2269 2270 9978
2270 2271 -3318
2271 2272 -8008
2272 2273 5019
2273 2274 7967
2274 2275 -6279
2275 2276 -2645
2276 2277 8817
2277 2278 -8145
2278 2279 1334
2279 2280 7338
2280 2281 -6977
2281 2282 -4753
2282 2283 -3155
2283 2284 3947
2284 2285 -2364
2285 2286 -1664
2286 2287 -6678
2287 2288 -9466
2288 2289 6165
2289 2290 5769
2290 2291 1579
2291 2292 8445
2292 2293 -8229
2293 2294 2630
2294 2295 -768
2295 2296 1294
2296 2297 -4312
2297 2298 2835
2298 2299 4640
2299 2300 1272
2300 2301 -5756
2301 2302 -3049
2302 2303 6025
2303 2304 6640
2304 2305 6395
2305 2306 1744
2306 2307 78
2307 2308 -3068
2308 2309 -6343
2309 2310 7093
2310 2311 9685
2311 2312 -1165
2312 2313 9795
2313 2314 6623
2314 2315 -9194
2315 2316 9410
2316 2317 9352
2317 2318 -5394
2318 2319 2504
2319 2320 -2275
2320 2321 -1106
2321 2322 6821
2322 2323 8967
2323 2324 3607
2324 2325 -3692
2325 2326 -5877
2326 2327 375
2327 2328 -6570
2328 2329 2427
2329 2330 -4032
2330 2331 4104
2331 2332 -7546
2332 2333 2895
2333 2334 993
2334 2335 3979
2335 2336 8152
2336 2337 5413
2337 2338 147
2338 2339 -9983
2339 2340 9455
2340 2341 8926
2341 2342 69
2342 2343 -4552
2343 2344 -179
2344 2345 -9639
2345 2346 -3205
2346 2347 7284
2347 2348 4961
2348 2349 -4979
2349 2350 5174
2350 2351 3658
2351 2352 -8294
2352 2353 -9061
2353 2354 -6219
2354 2355 -5985
2355 2356 -4497
2356 2357 2506
2357 2358 7332
2358 2359 -8501
2359 2360 -6856
2360 2361 5689
2361 2362 3811
2362 2363 -6304
2363 2364 -8726
2364 2365 -2107
2365 2366 1456
2366 2367 5866
2367 2368 -6131
2368 2369 -1770
2369 2370 -6858
2370 2371 1574
2371 2372 -369
2372 2373 6277
2373 2374 3983
2374 2375 6836
2375 2376 -1437
2376 2377 -9984
2377 2378 -2477
2378 2379 -1266
2379 2380 -9663
2380 2381 9482
2381 2382 -4956
2382 2383 -9427
2383 2384 -107
2384 2385 -9739
2385 2386 -3630
2386 2387 2129
2387 2388 -189
2388 2389 2796
2389 2390 -3722
2390 2391 -7202
2391 2392 2583
2392 2393 1767
2393 2394 6330
2394 2395 6983
2395 2396 4745
2396 2397 1841
2397 2398 3679
2398 2399 812
2399 2400 308
2400 2401 4504
2401 2402 -2212
2402 2403 -7751
2403 2404 3660
2404 2405 8611
2405 2406 7040
2406 2407 -3834
2407 2408 6510
2408 2409 -5188
2409 2410 -116
2410 2411 -1714
2411 2412 -7978
2412 2413 6250
2413 2414 -508
2414 2415 4005
2415 2416 4547
2416 2417 9832
2417 2418 -5301
2418 2419 -8501
2419 2420 -591
2420 2421 5368
2421 2422 4563
2422 2423 2330
2423 2424 -3982
2424 2425 -1246
2425 2426 -6246
2426 2427 -4304
2427 2428 3598
2428 2429 5267
2429 2430 2783
2430 2431 4170
2431 2432 -840
2432 2433 4941
2433 2434 2718
2434 2435 -9403
2435 2436 -9201
2436 2437 -6564
2437 2438 -6664
2438 2439 397
2439 2440 -7677
2440 2441 -8360
2441 2442 -4802
2442 2443 8476
2443 2444 5551
2444 2445 6530
2445 2446 3034
2446 2447 58
2447 2448 -6346
2448 2449 2042
2449 2450 -7208
2450 2451 4577
2451 2452 4332
2452 2453 -9647
2453 2454 -4871
2454 2455 -2798
2455 2456 7137
2456 2457 3059
2457 2458 684
2458 2459 -6652
2459 2460 7530
2460 2461 3135
2461 2462 8504
2462 2463 5019
2463 2464 2666
2464 2465 4029
2465 2466 -6498
2466 2467 -2140
2467 2468 3818
2468 2469 5601
2469 2470 285
2470 2471 -1246
2471 2472 8472
2472 2473 9993
2473 2474 3123
2474 2475 2413
2475 2476 9847
2476 2477 -172
2477 2478 -2578
2478 2479 3578
2479 2480 5342
2480 2481 -297
2481 2482 -5556
2482 2483 2041
2483 2484 -5410
2484 2485 5745
2485 2486 6900
2486 2487 9138
2487 2488 7942
2488 2489 -9532
2489 2490 -7616
2490 2491 -6545
2491 2492 7638
2492 2493 -7344
2493 2494 192
2494 2495 7015
2495 2496 872
2496 2497 -365
2497 2498 4240
2498 2499 4249
2499 2500 6429
2500 2501 -4810
2501 2502 -3581
2502 2503 7405
2503 2504 -7514
2504 2505 8044
2505 2506 -4893
2506 2507 7764
2507 2508 1266
2508 2509 -9333
2509 2510 1283
2510 2511 1212
2511 2512 -9940
2512 2513 -7842
2513 2514 -6766
2514 2515 8204
2515 2516 -8613
2516 2517 8664
2517 2518 -1904
2518 2519 310
2519 2520 1646
2520 2521 -7659
2521 2522 6414
2522 2523 -59
2523 2524 2294
2524 2525 6300
2525 2526 -6461
2526 2527 8199
2527 2528 8202
2528 2529 3270
2529 2530 -9697
2530 2531 -6159
2531 2532 6627
2532 2533 -9484
2533 2534 -6386
2534 2535 -9114
2535 2536 -8375
2536 2537 -6726
2537 2538 -8177
2538 2539 -5189
2539 2540 2255
2540 2541 1244
2541 2542 -2319
2542 2543 -9906
2543 2544 -1888
2544 2545 355
2545 2546 545
2546 2547 -9096
2547 2548 9558
2548 2549 99
2549 2550 -7155
2550 2551 8900
2551 2552 -3840
2552 2553 -2265
2553 2554 6548
2554 2555 5430
2555 2556 -5713
2556 2557 -3711
2557 2558 847
2558 2559 9287
2559 2560 6703
2560 2561 -6940
2561 2562 -8819
2562 2563 9809
2563 2564 -6743
2564 2565 -2061
2565 2566 -9591
2566 2567 -4344
2567 2568 9264
2568 2569 9842
2569 2570 -9863
2570 2571 -4836
2571 2572 6640
2572 2573 -9499
2573 2574 9609
2574 2575 -2727
2575 2576 7283
2576 2577 -6508
2577 2578 -5523
2578 2579 7567
2579 2580 1714
2580 2581 5956
2581 2582 -266
2582 2583 3806
2583 2584 9952
2584 2585 8114
2585 2586 8072
2586 2587 9899
2587 2588 -2825
2588 2589 9303
2589 2590 8880
2590 2591 -6902
2591 2592 -7171
2592 2593 -1371
2593 2594 7316
2594 2595 6831
2595 2596 7693
2596 2597 7348
2597 2598 6545
2598 2599 -3030
2599 2600 -1710
2600 2601 5018
2601 2602 -6321
2602 2603 1060
2603 2604 -8129
2604 2605 -799
2605 2606 -6416
2606 2607 -8257
2607 2608 8123
2608 2609 -8222
2609 2610 -2556
2610 2611 -8003
2611 2612 6260
2612 2613 622
2613 2614 -1543
2614 2615 -2923
2615 2616 9272
2616 2617 -7019
2617 2618 8953
2618 2619 -3759
2619 2620 -8874
2620 2621 7430
2621 2622 -2506
2622 2623 -3504
2623 2624 7418
2624 2625 1412
2625 2626 -1011
2626 2627 4794
2627 2628 4451
2628 2629 -2771
2629 2630 -7522
2630 2631 9745
2631 2632 5615
2632 2633 8369
2633 2634 -5151
2634 2635 9734
2635 2636 -2322
2636 2637 -2283
2637 2638 237
2638 2639 9412
2639 2640 -9859
2640 2641 -8921
2641 2642 6101
2642 2643 -4319
2643 2644 -7541
2644 2645 5873
2645 2646 7158
2646 2647 5360
2647 2648 -437
2648 2649 -6516
2649 2650 -1697
2650 2651 6907
2651 2652 -8106
2652 2653 -285
2653 2654 -2449
2654 2655 -2878
2655 2656 -9239
2656 2657 -2023
2657 2658 1893
2658 2659 4069
2659 2660 2513
2660 2661 -2714
2661 2662 1438
2662 2663 1257
2663 2664 -416
2664 2665 -9812
2665 2666 2580
2666 2667 6207
2667 2668 3924
2668 2669 -2068
2669 2670 214
2670 2671 -4685
2671 2672 3708
2672 2673 1228
2673 2674 3440
2674 2675 -7456
2675 2676 -6284
2676 2677 2743
2677 2678 -1751
2678 2679 -9508
2679 2680 -8767
2680 2681 9393
2681 2682 -3905
2682 2683 -5501
2683 2684 -6624
2684 2685 -410
2685 2686 -7636
2686 2687 -203
2687 2688 -316
2688 2689 5202
2689 2690 -5773
2690 2691 6064
2691 2692 6462
2692 2693 -1257
2693 2694 -2257
2694 2695 8632
2695 2696 692
2696 2697 -3514
2697 2698 4836
2698 2699 5496
2699 2700 -6846
2700 2701 2298
2701 2702 -3436
2702 2703 5358
2703 2704 9471
2704 2705 4169
2705 2706 -6753
2706 2707 -1485
2707 2708 5843
2708 2709 -4937
2709 2710 3729
2710 2711 8342
2711 2712 6851
2712 2713 -9230
2713 2714 8133
2714 2715 1422
2715 2716 7294
2716 2717 4944
2717 2718 -6013
2718 2719 -2194
2719 2720 -4702
2720 2721 9509
2721 2722 8773
2722 2723 -8084
2723 2724 1201
2724 2725 -4155
2725 2726 7624
2726 2727 -9329
2727 2728 -205
2728 2729 514
2729 2730 2566
2730 2731 -4290
2731 2732 2019
2732 2733 -4907
2733 2734 -120
2734 2735 -6379
2735 2736 -8393
2736 2737 -2136
2737 2738 -419
2738 2739 5871
2739 2740 5968
2740 2741 -3267
2741 2742 -6667
2742 2743 -8212
2743 2744 1829
2744 2745 4748
2745 2746 -5996
2746 2747 7377
2747 2748 5612
2748 2749 6115
2749 2750 6903
2750 2751 -8837
2751 2752 9485
2752 2753 1669
2753 2754 7217
2754 2755 2934
2755 2756 -5569
2756 2757 -1107
2757 2758 7436
2758 2759 6196
2759 2760 5148
2760 2761 1002
2761 2762 5583
2762 2763 2547
2763 2764 1039
2764 2765 -9868
2765 2766 5373
2766 2767 1323
2767 2768 5527
2768 2769 -468
2769 2770 -5078
2770 2771 73
2771 2772 9338
2772 2773 -7656
2773 2774 -3088
2774 2775 -5099
2775 2776 4276
2776 2777 8413
2777 2778 4185
2778 2779 5681
2779 2780 -5768
2780 2781 9954
2781 2782 -5989
2782 2783 -9658
2783 2784 188
2784 2785 5934
2785 2786 -3146
2786 2787 5826
2787 2788 -8361
2788 2789 -1753
2789 2790 -2799
2790 2791 -513
2791 2792 4482
2792 2793 8674
2793 2794 -6828
2794 2795 -2439
2795 2796 -5816
2796 2797 4905
2797 2798 -9249
2798 2799 -2712
2799 2800 6034
2800 2801 9428
2801 2802 2102
2802 2803 -5158
2803 2804 5228
2804 2805 500
2805 2806 -6506
2806 2807 -5169
2807 2808 -6151
2808 2809 -1242
2809 2810 -6545
2810 2811 -8325
2811 2812 2560
2812 2813 -37
2813 2814 -7744
2814 2815 -742
2815 2816 7527
2816 2817 6898
2817 2818 -2886
2818 2819 -6297
2819 2820 -5361
2820 2821 -1799
2821 2822 2858
2822 2823 1173
2823 2824 6015
2824 2825 -703
2825 2826 7221
2826 2827 4843
2827 2828 8194
2828 2829 -2841
2829 2830 8059
2830 2831 -8609
2831 2832 7714
2832 2833 9900
2833 2834 4306
2834 2835 5496
2835 2836 -751
2836 2837 1552
2837 2838 -4955
2838 2839 -1858
2839 2840 -1430
2840 2841 -2066
2841 2842 6150
2842 2843 -722
2843 2844 -6601
2844 2845 6120
2845 2846 7944
2846 2847 7480
2847 2848 -1245
2848 2849 9881
2849 2850 4926
2850 2851 3199
2851 2852 -8055
2852 2853 7594
2853 2854 3311
2854 2855 2396
2855 2856 -5680
2856 2857 -7009
2857 2858 8631
2858 2859 -3194
2859 2860 678
2860 2861 -8148
2861 2862 13
2862 2863 6308
2863 2864 -5881
2864 2865 9280
2865 2866 -9188
2866 2867 9594
2867 2868 -916
2868 2869 851
2869 2870 -7180
2870 2871 6878
2871 2872 -2458
2872 2873 1355
2873 2874 -4647
2874 2875 3935
2875 2876 4077
2876 2877 7970
2877 2878 2269
2878 2879 -7172
2879 2880 7288
2880 2881 5186
2881 2882 9538
2882 2883 -9518
2883 2884 -8229
2884 2885 -6438
2885 2886 -9779
2886 2887 -8600
2887 2888 -8588
2888 2889 152
2889 2890 -8290
2890 2891 2344
2891 2892 -282
2892 2893 -6408
2893 2894 7598
2894 2895 5268
2895 2896 -2677
2896 2897 -6407
2897 2898 -3387
2898 2899 4976
2899 2900 303
2900 2901 -5203
2901 2902 1687
2902 2903 -2374
2903 2904 -8167
2904 2905 9923
2905 2906 4270
2906 2907 5118
2907 2908 -1892
2908 2909 4983
2909 2910 -7875
2910 2911 7434
2911 2912 4737
2912 2913 -2075
2913 2914 -2729
2914 2915 5064
2915 2916 1667
2916 2917 7255
2917 2918 -5312
2918 2919 -3697
2919 2920 -6270
2920 2921 9086
2921 2922 5406
2922 2923 -5708
2923 2924 -8226
2924 2925 -7870
2925 2926 -1852
2926 2927 -7038
2927 2928 9790
2928 2929 -2211
2929 2930 -4695
2930 2931 4657
2931 2932 -6717
2932 2933 1910
2933 2934 -7219
2934 2935 -8821
2935 2936 -9673
2936 2937 9521
2937 2938 2704
2938 2939 -8188
2939 2940 -1713
2940 2941 -3639
2941 2942 780
2942 2943 8173
2943 2944 7280
2944 2945 -8821
2945 2946 -148
2946 2947 -3617
2947 2948 -5813
2948 2949 -5903
2949 2950 -2207
2950 2951 8864
2951 2952 7948
2952 2953 1721
2953 2954 -2963
2954 2955 -7668
2955 2956 9758
2956 2957 -9039
2957 2958 -3554
2958 2959 -9314
2959 2960 -3903
2960 2961 6220
2961 2962 -329
2962 2963 8077
2963 2964 697
2964 2965 2023
2965 2966 -8511
2966 2967 -3551
2967 2968 8309
2968 2969 -2086
2969 2970 -4067
2970 2971 -2522
2971 2972 -2452
2972 2973 -4180
2973 2974 -6674
2974 2975 617
2975 2976 6383
2976 2977 4467
2977 2978 -1472
2978 2979 4455
2979 2980 -4280
2980 2981 5367
2981 2982 6969
2982 2983 3902
2983 2984 -1551
2984 2985 -2930
2985 2986 -7880
2986 2987 4853
2987 2988 -5694
2988 2989 668
2989 2990 3363
2990 2991 -5678
2991 2992 -9679
2992 2993 5910
2993 2994 -7937
2994 2995 -2869
2995 2996 1276
2996 2997 -7650
2997 2998 3863
2998 2999 -9721
2999 3000 -3728
3000 3001 8010
3001 3002 -2019
3002 3003 507
3003 3004 -5192
3004 3005 6040
3005 3006 -7143
3006 3007 6666
3007 3008 1090
3008 3009 5869
3009 3010 -9392
3010 3011 1400
3011 3012 -1790
3012 3013 2274
3013 3014 9218
3014 3015 9994
3015 3016 8773
3016 3017 8656
3017 3018 -5164
3018 3019 -9261
3019 3020 -4148
3020 3021 -4323
3021 3022 7542
3022 3023 -352
3023 3024 -1272
3024 3025 -1113
3025 3026 -1028
3026 3027 4857
3027 3028 -4126
3028 3029 8199
3029 3030 -5221
3030 3031 9935
3031 3032 -5217
3032 3033 9279
3033 3034 2435
3034 3035 -716
3035 3036 3481
3036 3037 2299
3037 3038 2060
3038 3039 5490
3039 3040 7777
3040 3041 4481
3041 3042 7049
3042 3043 3427
3043 3044 -3216
3044 3045 -1450
3045 3046 -6019
3046 3047 7990
3047 3048 4295
3048 3049 -7599
3049 3050 -7943
3050 3051 8534
3051 3052 -7584
3052 3053 -6484
3053 3054 2973
3054 3055 -5105
3055 3056 713
3056 3057 3941
3057 3058 -9332
3058 3059 1604
3059 3060 2441
3060 3061 -209
3061 3062 -121
3062 3063 -5927
3063 3064 3060
3064 3065 -3783
3065 3066 -1356
3066 3067 4987
3067 3068 7358
3068 3069 -3985
3069 3070 6094
3070 3071 4865
3071 3072 8959
3072 3073 9775
3073 3074 3168
3074 3075 -1741
3075 3076 -1612
3076 3077 5001
3077 3078 -324
3078 3079 -439
3079 3080 6189
3080 3081 4238
3081 3082 1660
3082 3083 6989
3083 3084 2487
3084 3085 -8412
3085 3086 -8375
3086 3087 -4972
3087 3088 -5500
3088 3089 -174
3089 3090 -5091
3090 3091 -6208
3091 3092 -8606
3092 3093 7864
3093 3094 9290
3094 3095 7331
3095 3096 -3348
3096 3097 1490
3097 3098 5988
3098 3099 -3837
3099 3100 5046
3100 3101 -2314
3101 3102 -5316
3102 3103 -8280
3103 3104 4042
3104 3105 3839
3105 3106 8464
3106 3107 -7232
3107 3108 772
3108 3109 9968
3109 3110 -7138
3110 3111 6430
3111 3112 8394
3112 3113 -4231
3113 3114 5809
3114 3115 3531
3115 3116 -8182
3116 3117 -5845
3117 3118 -7651
3118 3119 -4468
3119 3120 -8815
3120 3121 -8020
3121 3122 9501
3122 3123 4131
3123 3124 8799
3124 3125 -1731
3125 3126 6040
3126 3127 7362
3127 3128 -4832
3128 3129 8472
3129 3130 2042
3130 3131 2390
3131 3132 -8603
3132 3133 3193
3133 3134 -4650
3134 3135 233
3135 3136 -1757
3136 3137 5125
3137 3138 -600
3138 3139 2925
3139 3140 -3055
3140 3141 9905
3141 3142 -5582
3142 3143 -7949
3143 3144 -6286
3144 3145 2702
3145 3146 6820
3146 3147 -4553
3147 3148 -809
3148 3149 9754
3149 3150 802
3150 3151 3423
3151 3152 3586
3152 3153 -6649
3153 3154 -1873
3154 3155 -285
3155 3156 2756
3156 3157 -9166
3157 3158 -6285
3158 3159 1540
3159 3160 -2272
3160 3161 2683
3161 3162 5763
3162 3163 9859
3163 3164 5103
3164 3165 6970
3165 3166 -4494
3166 3167 2434
3167 3168 5329
3168 3169 6646
3169 3170 1758
3170 3171 4618
3171 3172 6376
3172 3173 -9285
3173 3174 8414
3174 3175 -9969
3175 3176 3959
3176 3177 -9357
3177 3178 3144
3178 3179 2543
3179 3180 -1764
3180 3181 -6610
3181 3182 -5370
3182 3183 -1372
3183 3184 -3853
3184 3185 6413
3185 3186 664
3186 3187 -7268
3187 3188 -2863
3188 3189 4424
3189 3190 4796
3190 3191 -6986
3191 3192 -1740
3192 3193 5082
3193 3194 -3489
3194 3195 -7317
3195 3196 -5078
3196 3197 -5630
3197 3198 -3475
3198 3199 1689
3199 3200 -2165
3200 3201 -6711
3201 3202 6449
3202 3203 1367
3203 3204 5692
3204 3205 8832
3205 3206 7023
3206 3207 -7585
3207 3208 9370
3208 3209 449
3209 3210 -2691
3210 3211 -678
3211 3212 6046
3212 3213 -5047
3213 3214 -3046
3214 3215 -5966
3215 3216 9365
3216 3217 2811
3217 3218 5491
3218 3219 -5913
3219 3220 6071
3220 3221 -3792
3221 3222 5182
3222 3223 -3186
3223 3224 4417
3224 3225 -979
3225 3226 -6055
3226 3227 -2464
3227 3228 986
3228 3229 7672
3229 3230 -7760
3230 3231 -2890
3231 3232 -7509
3232 3233 -3996
3233 3234 -5055
3234 3235 426
3235 3236 3433
3236 3237 5732
3237 3238 -9762
3238 3239 3185
3239 3240 4393
3240 3241 -4164
3241 3242 -7601
3242 3243 -7824
3243 3244 -5538
3244 3245 5867
3245 3246 -2076
3246 3247 1388
3247 3248 -2950
3248 3249 -9950
3249 3250 9616
3250 3251 7057
3251 3252 -5361
3252 3253 5465
3253 3254 9743
3254 3255 -5420
3255 3256 1307
3256 3257 673
3257 3258 9675
3258 3259 781
3259 3260 -3859
3260 3261 2173
3261 3262 3084
3262 3263 5466
3263 3264 -9330
3264 3265 -4802
3265 3266 -8357
3266 3267 -5883
3267 3268 743
3268 3269 244
3269 3270 3318
3270 3271 -3909
3271 3272 6099
3272 3273 6297
3273 3274 4041
3274 3275 3901
3275 3276 150
3276 3277 -2980
3277 3278 -4328
3278 3279 9971
3279 3280 -2505
3280 3281 6594
3281 3282 -7271
3282 3283 -7660
3283 3284 -6423
3284 3285 -8541
3285 3286 5481
3286 3287 -6080
3287 3288 -9751
3288 3289 7284
3289 3290 -4633
3290 3291 610
3291 3292 -7579
3292 3293 7558
3293 3294 -9334
3294 3295 -8680
3295 3296 -3382
3296 3297 -2223
3297 3298 -3196
3298 3299 -149
3299 3300 5417
3300 3301 -3218
3301 3302 -499
3302 3303 6088
3303 3304 6239
3304 3305 -3706
3305 3306 -5169
3306 3307 4708
3307 3308 -9285
3308 3309 1735
3309 3310 7668
3310 3311 -5666
3311 3312 2687
3312 3313 8139
3313 3314 -4999
3314 3315 7297
3315 3316 1245
3316 3317 -2824
3317 3318 9537
3318 3319 -5888
3319 3320 5592
3320 3321 -8891
3321 3322 -9534
3322 3323 -5302
3323 3324 -4053
3324 3325 7581
3325 3326 -1332
3326 3327 -838
3327 3328 8743
3328 3329 1644
3329 3330 1069
3330 3331 -8318
3331 3332 8705
3332 3333 -828
3333 3334 4623
3334 3335 -4552
3335 3336 2819
3336 3337 -237
3337 3338 -6764
3338 3339 -8736
3339 3340 -1618
3340 3341 -1712
3341 3342 -3427
3342 3343 -885
3343 3344 5938
3344 3345 2169
3345 3346 1110
3346 3347 1789
3347 3348 9726
3348 3349 -847
3349 3350 -6110
3350 3351 2848
3351 3352 1155
3352 3353 854
3353 3354 -466
3354 3355 2596
3355 3356 -5093
3356 3357 -3446
3357 3358 6458
3358 3359 5717
3359 3360 9689
3360 3361 7666
3361 3362 1432
3362 3363 7181
3363 3364 -9207
3364 3365 8677
3365 3366 -5435
3366 3367 6991
3367 3368 2719
3368 3369 4242
3369 3370 -9855
3370 3371 9394
3371 3372 -1959
3372 3373 -3129
3373 3374 6673
3374 3375 -97
3375 3376 5582
3376 3377 1009
3377 3378 2033
3378 3379 1998
3379 3380 -2812
3380 3381 -6501
3381 3382 -3340
3382 3383 8090
3383 3384 596
3384 3385 2598
3385 3386 -6080
3386 3387 7662
3387 3388 -2206
3388 3389 -9502
3389 3390 4717
3390 3391 -2909
3391 3392 8230
3392 3393 -3344
3393 3394 4074
3394 3395 -9399
3395 3396 -5056
3396 3397 -4715
3397 3398 1538
3398 3399 787
3399 3400 996
3400 3401 -2391
3401 3402 6599
3402 3403 -5554
3403 3404 7804
3404 3405 4129
3405 3406 7207
3406 3407 7322
3407 3408 -9882
3408 3409 -7252
3409 3410 925
3410 3411 2638
3411 3412 -6436
3412 3413 7997
3413 3414 -5498
3414 3415 -8631
3415 3416 -9847
3416 3417 -4779
3417 3418 -4
3418 3419 783
3419 3420 3396
3420 3421 -8583
3421 3422 -6467
3422 3423 -3991
3423 3424 -1509
3424 3425 -3591
3425 3426 -6203
3426 3427 -3653
3427 3428 -573
3428 3429 9418
3429 3430 8709
3430 3431 6499
3431 3432 -4310
3432 3433 -7899
3433 3434 -4474
3434 3435 3001
3435 3436 -754
3436 3437 -6245
3437 3438 1395
3438 3439 5820
3439 3440 -7987
3440 3441 -6920
3441 3442 -7818
3442 3443 2443
3443 3444 120
3444 3445 5808
3445 3446 936
3446 3447 1404
3447 3448 6371
3448 3449 -8880
3449 3450 7179
3450 3451 -2912
3451 3452 -259
3452 3453 -7218
3453 3454 3550
3454 3455 6534
3455 3456 3260
3456 3457 4212
3457 3458 -4768
3458 3459 -1124
3459 3460 8279
3460 3461 -6655
3461 3462 -4435
3462 3463 -3802
3463 3464 -6664
3464 3465 4307
3465 3466 -2324
3466 3467 1764
3467 3468 3546
3468 3469 -718
3469 3470 -9256
3470 3471 820
3471 3472 -9316
3472 3473 -9743
3473 3474 -4916
3474 3475 -8902
3475 3476 -8492
3476 3477 -9555
3477 3478 5239
3478 3479 -5973
3479 3480 -8979
3480 3481 8883
3481 3482 8937
3482 3483 -2858
3483 3484 7992
3484 3485 9280
3485 3486 7238
3486 3487 3566
3487 3488 -2013
3488 3489 9328
3489 3490 -8794
3490 3491 4107
3491 3492 -3365
3492 3493 -4534
3493 3494 1546
3494 3495 -2161
3495 3496 4628
3496 3497 -6461
3497 3498 1854
3498 3499 4901
3499 3500 -5541
3500 3501 -2536
3501 3502 -4250
3502 3503 -6123
3503 3504 9663
3504 3505 7121
3505 3506 5864
3506 3507 -2433
3507 3508 -4637
3508 3509 7856
3509 3510 9526
3510 3511 4195
3511 3512 -3934
3512 3513 -5948
3513 3514 -7362
3514 3515 -4599
3515 3516 6785
3516 3517 1904
3517 3518 -4662
3518 3519 7583
3519 3520 5609
3520 3521 -4743
3521 3522 -4142
3522 3523 -581
3523 3524 -1431
3524 3525 -3176
3525 3526 1706
3526 3527 -9793
3527 3528 -1157
3528 3529 -9741
3529 3530 6773
3530 3531 -7422
3531 3532 7911
3532 3533 9408
3533 3534 -7168
3534 3535 8367
3535 3536 -4225
3536 3537 8858
3537 3538 5779
3538 3539 -344
3539 3540 6005
3540 3541 -9429
3541 3542 7919
3542 3543 -3156
3543 3544 6992
3544 3545 -5271
3545 3546 4081
3546 3547 5736
3547 3548 6509
3548 3549 -2523
3549 3550 2824
3550 3551 8742
3551 3552 -4811
3552 3553 -9547
3553 3554 -2835
3554 3555 -242
3555 3556 7791
3556 3557 5487
3557 3558 -4582
3558 3559 -9131
3559 3560 -1169
3560 3561 -7951
3561 3562 1884
3562 3563 -9925
3563 3564 9047
3564 3565 -8847
3565 3566 -5308
3566 3567 -2943
3567 3568 -2911
3568 3569 3628
3569 3570 9421
3570 3571 -8523
3571 3572 7379
3572 3573 -7544
3573 3574 -9782
3574 3575 -9249
3575 3576 2926
3576 3577 7018
3577 3578 -3248
3578 3579 6155
3579 3580 8516
3580 3581 7582
3581 3582 -7660
3582 3583 9062
3583 3584 -8898
3584 3585 -2736
3585 3586 -7043
3586 3587 -6022
3587 3588 4941
3588 3589 1786
3589 3590 4765
3590 3591 -8074
3591 3592 5913
3592 3593 -2909
3593 3594 -1687
3594 3595 1091
3595 3596 9599
3596 3597 -7783
3597 3598 -9142
3598 3599 5367
3599 3600 -4900
3600 3601 3617
3601 3602 -9575
3602 3603 7283
3603 3604 1465
3604 3605 5656
3605 3606 -5742
3606 3607 3
3607 3608 9529
3608 3609 -726
3609 3610 -3100
3610 3611 2368
3611 3612 -3396
3612 3613 -9133
3613 3614 -2071
3614 3615 -9234
3615 3616 -8490
3616 3617 9590
3617 3618 -6935
3618 3619 -4220
3619 3620 -8390
3620 3621 1269
3621 3622 6209
3622 3623 2153
3623 3624 3908
3624 3625 -1169
3625 3626 7909
3626 3627 5151
3627 3628 4845
3628 3629 -7221
3629 3630 -2520
3630 3631 749
3631 3632 2922
3632 3633 8594
3633 3634 1180
3634 3635 9659
3635 3636 8288
3636 3637 4801
3637 3638 4915
3638 3639 -3003
3639 3640 2932
3640 3641 -4352
3641 3642 6428
3642 3643 -5018
3643 3644 7293
3644 3645 -5272
3645 3646 6785
3646 3647 3572
3647 3648 5220
3648 3649 5777
3649 3650 6876
3650 3651 7944
3651 3652 2276
3652 3653 -14
3653 3654 4664
3654 3655 -4210
3655 3656 9696
3656 3657 5805
3657 3658 -8053
3658 3659 7585
3659 3660 8787
3660 3661 4612
3661 3662 -119
3662 3663 -7156
3663 3664 2508
3664 3665 2392
3665 3666 -191
3666 3667 6047
3667 3668 -7134
3668 3669 5965
3669 3670 -8621
3670 3671 6123
3671 3672 7706
3672 3673 4345
3673 3674 -8526
3674 3675 -179
3675 3676 8544
3676 3677 7502
3677 3678 1630
3678 3679 6059
3679 3680 3
3680 3681 2599
3681 3682 -4798
3682 3683 -5645
3683 3684 8340
3684 3685 5465
3685 3686 3653
3686 3687 2162
3687 3688 112
3688 3689 6575
3689 3690 6389
3690 3691 -7126
3691 3692 -9837
3692 3693 6329
3693 3694 7648
3694 3695 2201
3695 3696 -1266
3696 3697 -388
3697 3698 2388
3698 3699 2679
3699 3700 3081
3700 3701 -9453
3701 3702 -389
3702 3703 5505
3703 3704 -5729
3704 3705 5530
3705 3706 -2982
3706 3707 5335
3707 3708 1468
3708 3709 1563
3709 3710 -2467
3710 3711 6166
3711 3712 -5002
3712 3713 -1908
3713 3714 -8470
3714 3715 3411
3715 3716 1229
3716 3717 114
3717 3718 5556
3718 3719 6495
3719 3720 8001
3720 3721 -9636
3721 3722 1119
3722 3723 -1032
3723 3724 -3069
3724 3725 4394
3725 3726 -497
3726 3727 8152
3727 3728 -8819
3728 3729 -2303
3729 3730 -5104
3730 3731 6977
3731 3732 4097
3732 3733 -4734
3733 3734 -8628
3734 3735 9242
3735 3736 8888
3736 3737 5658
3737 3738 -7572
3738 3739 -3413
3739 3740 -1960
3740 3741 4012
3741 3742 4405
3742 3743 -45
3743 3744 -9103
3744 3745 -2578
3745 3746 8195
3746 3747 2905
3747 3748 -8524
3748 3749 -3757
3749 3750 9108
3750 3751 4454
3751 3752 6965
3752 3753 5091
3753 3754 7121
3754 3755 8299
3755 3756 -9397
3756 3757 1809
3757 3758 -173
3758 3759 -700
3759 3760 2519
3760 3761 -9
3761 3762 4431
3762 3763 4413
3763 3764 9415
3764 3765 -1233
3765 3766 1377
3766 3767 4523
3767 3768 -2401
3768 3769 2829
3769 3770 2436
3770 3771 3655
3771 3772 -4800
3772 3773 -2692
3773 3774 -3239
3774 3775 1582
3775 3776 8942
3776 3777 -45
3777 3778 -5491
3778 3779 -8361
3779 3780 6419
3780 3781 761
3781 3782 -6050
3782 3783 -5846
3783 3784 -1464
3784 3785 -1791
3785 3786 7860
3786 3787 -6066
3787 3788 4739
3788 3789 -1694
3789 3790 -2505
3790 3791 -6009
3791 3792 -4530
3792 3793 5140
3793 3794 7076
3794 3795 2504
3795 3796 4386
3796 3797 9932
3797 3798 -7954
3798 3799 -6475
3799 3800 -7536
3800 3801 8661
3801 3802 473
3802 3803 5455
3803 3804 -5240
3804 3805 45
3805 3806 2808
3806 3807 -2746
3807 3808 83
3808 3809 3888
3809 3810 -9433
3810 3811 -9109
3811 3812 9974
3812 3813 -9568
3813 3814 5058
3814 3815 -5451
3815 3816 -2244
3816 3817 -1087
3817 3818 3899
3818 3819 3030
3819 3820 -1653
3820 3821 7240
3821 3822 4009
3822 3823 6021
3823 3824 7511
3824 3825 2800
3825 3826 -9123
3826 3827 -2975
3827 3828 713
3828 3829 -240
3829 3830 -4900
3830 3831 1789
3831 3832 -189
3832 3833 5055
3833 3834 -1135
3834 3835 -5610
3835 3836 7964
3836 3837 -6543
3837 3838 6432
3838 3839 -7681
3839 3840 3348
3840 3841 -8226
3841 3842 -9071
3842 3843 1222
3843 3844 -2127
3844 3845 -6459
3845 3846 -3384
3846 3847 5462
3847 3848 4244
3848 3849 -6897
3849 3850 3830
3850 3851 8800
3851 3852 9510
3852 3853 2952
3853 3854 8680
3854 3855 1937
3855 3856 2456
3856 3857 -2067
3857 3858 -2698
3858 3859 4358
3859 3860 -2611
3860 3861 4952
3861 3862 -1676
3862 3863 -7168
3863 3864 1848
3864 3865 -5149
3865 3866 9578
3866 3867 -1649
3867 3868 6168
3868 3869 4058
3869 3870 6816
3870 3871 2276
3871 3872 5691
3872 3873 -9555
3873 3874 731
3874 3875 6087
3875 3876 -6306
3876 3877 236
3877 3878 6621
3878 3879 -7948
3879 3880 -3335
3880 3881 9769
3881 3882 -2867
3882 3883 3775
3883 3884 6348
3884 3885 -207
3885 3886 9980
3886 3887 3624
3887 3888 1655
3888 3889 6062
3889 3890 4094
3890 3891 7729
3891 3892 6059
3892 3893 17
3893 3894 -5673
3894 3895 5609
3895 3896 8569
3896 3897 -9372
3897 3898 -5264
3898 3899 -1908
3899 3900 -4193
3900 3901 -4440
3901 3902 -6229
3902 3903 -3385
3903 3904 -3899
3904 3905 -9889
3905 3906 -812
3906 3907 -6427
3907 3908 9922
3908 3909 -1236
3909 3910 -9338
3910 3911 758
3911 3912 -5256
3912 3913 -3384
3913 3914 4503
3914 3915 -5945
3915 3916 7140
3916 3917 -1926
3917 3918 -2652
3918 3919 5794
3919 3920 86
3920 3921 4352
3921 3922 9474
3922 3923 -1642
3923 3924 -9340
3924 3925 4644
3925 3926 -9253
3926 3927 7436
3927 3928 -9548
3928 3929 1290
3929 3930 -164
3930 3931 1671
3931 3932 -4588
3932 3933 185
3933 3934 8763
3934 3935 -8004
3935 3936 9599
3936 3937 7712
3937 3938 3564
3938 3939 5802
3939 3940 -9375
3940 3941 -8767
3941 3942 860
3942 3943 4606
3943 3944 4818
3944 3945 -8553
3945 3946 -3566
3946 3947 -9679
3947 3948 4255
3948 3949 -877
3949 3950 7636
3950 3951 -596
3951 3952 -8007
3952 3953 -4293
3953 3954 -1536
3954 3955 2656
3955 3956 -6679
3956 3957 9617
3957 3958 -9881
3958 3959 -8330
3959 3960 -3526
3960 3961 -8000
3961 3962 5634
3962 3963 5696
3963 3964 -8342
3964 3965 -9445
3965 3966 -4059
3966 3967 4471
3967 3968 -9833
3968 3969 6621
3969 3970 -6368
3970 3971 603
3971 3972 -5959
3972 3973 9110
3973 3974 3549
3974 3975 -834
3975 3976 6198
3976 3977 -4199
3977 3978 -5807
3978 3979 -7030
3979 3980 910
3980 3981 8699
3981 3982 -4346
3982 3983 -8205
3983 3984 4642
3984 3985 1028
3985 3986 -5638
3986 3987 -4031
3987 3988 -772
3988 3989 1912
3989 3990 5661
3990 3991 8895
3991 3992 -407
3992 3993 -9247
3993 3994 -1278
3994 3995 -1900
3995 3996 -5818
3996 3997 3579
3997 3998 -508
3998 3999 1219
3999 4000 6150
4 698 8376
8 3562 3740
9 3912 1163
10 1255 -4984
13 721 3657
14 3587 -6888
16 194 3949
20 3720 -2855
28 1111 -5054
32 2660 -9506
36 1976 2854
37 1002 -1460
38 2776 -1834
39 1053 -6537
40 3822 7283
46 3428 -9070
50 3753 4164
52 465 -6809
53 3589 -6025
57 3918 3634
58 3145 4077
59 1531 8148
62 1850 -2670
63 334 -7737
67 2981 7245
68 3259 -5238
75 3870 4691
79 2650 -2698
81 707 -3550
84 2622 -7269
85 2842 1910
87 235 -8467
89 1813 -8846
90 1821 6255
91 617 9823
93 2550 -7890
94 3051 -8140
95 2560 2503
97 1744 2989
101 1719 730
103 350 6260
104 2394 -2813
105 1631 8575
106 2509 -6364
114 305 3990
115 3724 -735
116 3290 9111
119 2735 9175
121 1294 -4816
123 3801 5384
130 1849 1184
132 1411 -1036
134 1316 -4857
138 721 1216
139 141 2362
142 3285 -9080
144 2822 9194
151 3505 -2972
152 2154 -7553
153 3183 7185
158 140 -3226
159 566 -318
161 394 -1702
162 1327 -6508
164 922 -6393
166 3519 -6892
169 3788 8210
177 1871 -2740
185 325 -909
186 1955 -511
191 637 9800
192 2073 -9619
197 2016 3485
199 183 8608
202 559 -4316
204 378 6092
206 739 1675
210 3258 8611
213 531 -4441
215 2836 -5799
216 3912 3270
217 133 -3566
223 521 8073
224 1912 7257
226 261 457
227 1958 -4452
232 2056 -10
234 160 2947
236 1197 9574
240 447 -6387
241 2711 -9683
243 819 -3096
244 884 7018
250 3000 -296
251 1947 7941
253 1087 -1108
259 933 9256
261 1309 3272
263 1629 -9767
265 3780 8250
266 1007 -7570
273 3779 5232
274 1064 -1391
276 2480 4831
285 388 4005
288 620 4752
291 2903 -7807
293 3961 5473
299 3689 2707
305 3094 -3350
307 1042 6758
308 3069 -6241
310 3053 3359
315 167 7471
319 1587 -9056
321 2216 -2851
325 2504 8414
326 94 3189
329 854 8887
331 3358 -6677
332 278 -6998
335 441 80
336 328 -6747
337 1064 -131
339 1657 1357
351 2354 -8292
357 3988 -1007
358 2595 9935
360 2143 9021
361 3303 -7277
363 2924 -8309
368 3918 1867
369 3233 6807
373 1015 3431
374 1497 3527
382 2854 1829
384 235 1479
385 3889 8017
390 3186 7850
393 3863 5502
395 3601 -2503
398 3104 7784
403 2887 8109
404 1835 -8461
408 1983 6990
410 3117 1520
414 826 5644
415 3184 7904
416 2805 -2576
423 3186 -8966
425 70 -296
429 1828 4099
430 683 6770
436 2260 -379
442 1152 -3256
446 1566 -4590
450 3948 979
452 1401 -603
455 3920 -2784
456 1485 -6363
464 3187 -7155
470 1378 -5163
472 2460 -4583
473 1664 5360
477 2319 -728
478 263 -8999
480 2953 6826
483 52 1878
484 3799 -8191
485 1545 1494
490 561 3383
491 1955 4748
498 1867 -5910
503 1178 4407
505 179 157
507 1582 -4859
509 1630 8697
511 1757 4011
512 1385 -3816
523 156 -4756
524 3696 -8991
533 671 -7699
534 2655 6622
538 173 -223
540 2307 7951
542 1611 -8943
544 2392 1319
545 377 198
549 693 -653
555 2176 -6387
556 1764 7017
558 587 5964
562 2075 39
570 3515 422
573 1802 7948
574 816 804
576 3512 -5265
579 1248 4853
585 3782 4355
586 1065 -1936
587 1559 -3251
588 596 -4732
590 3490 -229
591 267 3730
596 2893 2990
597 3060 -5542
599 3016 -8329
605 1965 3102
607 963 8895
610 742 -2422
615 2218 316
619 1606 -774
621 984 919
622 2156 -1977
631 3919 9937
634 2999 -4896
639 1644 -970
644 151 1795
649 452 -1368
651 3477 -139
659 1564 7823
661 3752 6562
665 1107 -9877
667 716 5771
674 2043 -3062
675 1946 1580
684 1079 8680
686 1000 9524
687 1758 -3247
694 166 -9506
695 2120 -1893
696 3668 4415
697 2273 6526
701 1654 2660
702 860 -2064
707 1948 2241
710 1402 8107
713 15 -8964
717 3137 5446
723 3827 4508
724 1471 8748
731 3402 -1855
734 3244 -2991
736 500 -7580
739 3228 -2478
744 559 2506
747 3668 -592
751 3580 -3146
752 199 -8597
757 847 7605
762 1449 3307
768 3026 -163
773 2831 6516
774 2256 -3192
777 1720 5026
778 3979 9955
782 1784 9206
788 1088 -9787
792 2801 2797
793 1044 -4457
800 2040 7481
802 2153 3156
806 828 5358
809 560 3528
814 2838 2843
817 3764 6859
830 904 -7906
836 1499 -6798
837 3096 2579
844 2040 -1941
846 2960 1504
848 1623 -4583
853 3868 -9948
856 2942 -8624
859 2769 -8146
865 3053 -8424
869 631 7158
870 2339 4630
873 3499 -6750
875 54 2032
877 3636 4360
882 1438 872
885 150 -1963
887 3157 1788
888 1312 -7391
890 1182 -8166
896 436 4091
898 307 -8638
899 759 -1266
901 106 5258
902 2601 4406
905 2267 1572
908 2986 8252
909 1491 8258
910 3130 -5355
912 1331 8124
914 236 9368
915 2218 -4571
922 2767 4959
924 649 -1832
925 3637 1607
934 580 -6105
936 1548 -81
945 2669 -6883
946 1735 -9634
955 3174 5472
958 3122 4371
960 3922 6903
964 1487 -9846
965 2151 -729
966 1826 507
968 2398 -1136
969 209 -9330
972 2182 -6715
975 2099 -686
979 2464 6046
981 871 -9410
982 684 -581
983 3955 6351
985 30 4914
992 2434 5484
994 680 7289
1001 1720 -169
1002 217 -8987
1004 245 -542
1005 2214 -8936
1006 3351 2644
1007 720 -2914
1013 2596 2673
1015 2891 -8244
1018 3959 9841
1020 2709 4720
1021 430 4939
1023 1061 -25
1026 3480 2457
1027 1504 5119
1031 2319 -5701
1033 73 4739
1034 2005 3370
1041 147 -479
1045 2236 6971
1046 3637 7117
1050 1852 -1255
1052 1784 6703
1058 2985 -1045
1067 1813 25
1069 3762 2360
1071 873 9252
1077 272 4243
1081 3747 1883
1091 2137 -9705
1092 1341 -1167
1093 697 1885
1096 2059 502
1102 2671 -8812
1103 2568 1670
1104 910 -5296
1105 1622 -416
1106 3227 -2903
1112 3138 -6950
1115 335 -2383
1116 3185 549
1117 3850 2653
1118 458 -9634
1119 3678 2926
1120 492 2212
1121 1339 4299
1124 2356 -6567
1128 144 -9301
1131 3829 6478
1132 3082 7565
1134 643 -4048
1135 3981 1678
1138 2589 -50
1139 242 -7487
1142 479 6754
1146 1795 8637
1147 1111 -5147
1148 632 -9307
1149 1321 -3003
1150 3845 2926
1156 2067 -6403
1157 3923 -4502
1158 3669 -9376
1162 3522 7639
1166 368 8765
1169 3936 -9910
1176 1210 4871
1193 1259 9537
1195 3759 5961
1197 814 -7460
1198 3384 2814
1201 371 -2145
1203 3958 5551
1206 2328 -741
1207 754 -6686
1209 1281 -2401
1210 12 6742
1213 2337 -9583
1214 3914 2764
1216 3010 -2919
1217 918 9879
1219 1249 279
1220 3813 8385
1222 833 9784
1228 2109 -1640
1230 3969 -3539
1232 1314 133
1235 3729 -6489
1236 1587 -8494
1237 2774 5950
1247 3481 -1941
1255 296 8401
1256 1467 -8771
1260 3074 -5000
1261 749 -9337
1262 143 -1068
1264 58 3191
1266 2647 -2581
1270 1685 -2506
1274 3276 313
1275 2101 2872
1276 349 -6772
1281 2173 -680
1283 1264 -6438
1290 3654 7912
1292 3891 1860
1295 1052 3654
1296 3421 -3645
1298 2433 1673
1301 2172 9960
1303 2134 -9088
1305 3911 -9627
1308 2171 2786
1310 153 -9847
1311 1801 7817
1315 2623 4140
1316 1361 9294
1318 3271 -6758
1319 521 -5583
1323 2627 5326
1326 3118 -2949
1328 1466 8792
1333 2385 -4681
1334 189 -2676
1335 2274 4483
1336 1049 -3891
1338 1817 -9037
1344 2711 -8102
1345 560 -7543
1346 1547 8160
1348 1553 -9977
1349 1355 9269
1351 276 8975
1352 157 9604
1353 1734 -3836
1355 1336 -7703
1360 3285 -202
1368 3528 9376
1372 2911 9857
1379 1330 -3667
1385 463 -6327
1387 1344 -9513
1388 1070 -9386
1402 3435 6997
1404 2890 -7269
1405 3568 -8045
1412 1993 3496
1417 2130 4654
1420 246 8388
1423 3317 6104
1425 2499 -9711
1427 3729 -746
1432 1791 -4539
1435 2258 -9569
1436 2214 7469
1443 1739 8729
1445 2260 -1505
1448 2487 4790
1450 3577 1154
1451 1684 1347
1459 1883 -298
1466 1277 -8167
1470 180 -3727
1473 2118 5716
1474 1268 990
1483 2772 -8294
1485 398 -7594
1486 1670 4197
1487 3923 6680
1488 2080 4430
1489 3476 -5354
1495 3606 11
1497 990 7204
1500 2980 -514
1505 2007 3365
1506 3589 -2740
1510 1897 -881
1512 2605 4232
1514 603 8025
1517 1068 903
1519 630 5472
1525 1617 245
1526 133 2469
1527 268 -2637
1533 945 -1736
1536 1775 5939
1540 1871 1242
1541 468 -9669
1544 2989 2539
1547 3331 -9599
1548 982 3463
1550 2757 -5460
1559 179 -9061
1564 1145 2300
1567 2039 -7277
1568 440 9753
1570 2272 -1678
1579 67 3827
1582 2102 9467
1583 635 -7871
1586 784 -6696
1589 1506 3510
1592 2728 -2622
1593 763 -6276
1595 2967 -4825
1599 996 1688
1604 2146 -1979
1606 3466 -5339
1620 2656 -7766
1625 2784 7348
1627 2683 89
1629 844 3607
1630 3722 5572
1634 3669 1179
1635 1399 -9215
1642 1125 5372
1643 3086 2038
1649 694 -2654
1656 527 3847
1657 2395 -7750
1662 974 -7308
1666 3389 850
1669 1753 2635
1671 631 -2118
1674 3016 5312
1680 489 -9189
1681 65 7088
1685 167 8568
1694 1901 -2350
1696 3999 378
1698 1580 9243
1700 994 -4617
1705 220 -5014
1709 302 6733
1711 1747 -2467
1712 1765 8803
1720 1162 -1960
1724 3209 -4449
1728 2967 -4462
1729 924 8468
1735 3714 -2377
1736 1318 7239
1738 1573 7461
1740 1513 -884
1741 2612 -9260
1747 1857 -7901
1748 300 -4244
1749 1639 488
1750 1871 355
1752 237 -1690
1754 1490 -4789
1755 400 -3119
1756 2306 -8303
1758 2631 9138
1759 357 1437
1761 3006 -387
1769 3816 -3503
1773 3995 6159
1775 3994 -8240
1778 2924 -4484
1782 3485 -3135
1783 782 -6882
1785 3086 3253
1786 1798 1696
1790 734 7061
1791 2899 -6000
1796 220 6725
1799 845 -5380
1803 3620 -4320
1804 3143 4713
1805 2128 7673
1807 3583 -8235
1809 782 6456
1810 3736 -8069
1815 963 7847
1818 1865 8666
1826 663 -6556
1829 323 -8294
1838 1072 -9933
1842 2067 -1217
1843 2360 -2919
1846 188 -5271
1847 1117 -2673
1848 1026 -8892
1855 607 -5214
1857 692 -4542
1859 3377 2531
1862 1350 6506
1863 3344 -8714
1868 3198 -4792
1871 2485 6188
1877 350 -8538
1878 584 305
1880 55 9760
1881 2774 1265
1882 2847 -9927
1884 2561 9500
1885 48 -6414
1887 37 -8140
1888 3450 -5880
1889 2110 1979
1899 3843 1342
1901 2255 -7936
1905 702 8059
1908 43 2422
1912 1718 8691
1914 1537 9431
1917 3170 -3995
1918 1267 -5203
1920 355 -9461
1924 425 8986
1927 1072 2914
1931 1989 644
1934 3896 -7276
1941 234 9083
1943 2880 -9980
1946 3920 -5874
1947 1587 1570
1948 1027 9684
1953 1466 8210
1957 1511 364
1959 3226 -3200
1974 16 -1640
1976 3514 -9183
1979 1756 -3890
1980 2092 1805
1984 2860 -6780
1988 2644 -8188
1990 1823 4397
1992 1072 -8890
1994 3382 1227
1995 1102 7243
2001 3380 313
2005 3150 -6923
2007 2857 2456
2009 3211 -7569
2010 288 -5391
2015 3894 -5989
2016 2731 -4048
2025 3035 4582
2031 2844 -8089
2033 3678 6546
2049 377 -3402
2052 3566 -9157
2053 1631 -9178
2054 440 -5213
2056 213 -4707
2057 2979 610
2058 2607 1237
2059 560 143
2060 2276 -5077
2071 390 9526
2080 3900 77
2081 1927 -595
2084 481 -1572
2085 260 -3154
2086 2008 -9457
2088 2365 -8010
2089 1509 6275
2091 3687 -8813
2094 2532 -3027
2095 2438 8746
2104 282 5424
2105 3630 312
2106 2694 -397
2108 2619 -7062
2109 2604 -7512
2113 1175 5246
2115 421 -3797
2118 41 4080
2119 3705 4548
2124 403 7496
2127 1505 -9705
2134 2307 -9837
2136 79 7118
2138 3889 2325
2139 3253 7098
2140 2624 733
2144 1738 3167
2146 1009 -7024
2150 1398 -798
2151 3465 -5845
2152 3806 4573
2153 2445 3649
2154 1769 -5623
2160 1441 7021
2165 659 3755
2167 2708 4747
2168 3609 -3820
2170 3804 -847
2176 3294 -4908
2178 1610 1157
2179 2530 5889
2186 2629 2602
2187 947 -3469
2190 1887 7013
2193 2501 9252
2196 3473 3810
2197 3343 -7573
2199 3469 5233
2200 2183 -6738
2202 177 -5855
2204 2727 -9804
2206 3901 -4443
2208 2532 -8086
2210 656 -3872
2216 2647 -6327
2217 2277 -7426
2221 3612 -939
2226 3204 8235
2227 2063 638
2235 1958 -6711
2238 214 -1117
2240 1262 3174
2252 2557 -8304
2253 1329 5799
2256 3416 879
2257 68 8526
2258 2498 9574
2259 664 777
2264 3892 5657
2270 3608 2366
2273 2328 3060
2274 1204 -8184
2278 3882 4730
2279 2193 8711
2280 2025 -4280
2281 2886 2136
2282 1440 9491
2283 778 9495
2284 2670 9862
2285 3591 -6680
2286 2587 -7000
2287 901 -8946
2288 3640 -8134
2294 1662 5439
2301 1584 -9216
2302 2885 -7056
2304 3916 4683
2313 3742 -2738
2318 2051 1634
2321 3559 -4797
2323 383 -3129
2329 1668 6605
2330 199 -5172
2338 2120 4090
2339 1000 738
2340 2062 -4674
2342 3850 -1962
2344 2725 428
2345 3416 -8250
2347 3839 -8822
2352 1784 -4301
2355 1165 -7180
2360 212 -1524
2361 1003 3332
2363 2253 -9301
2368 1882 833
2370 2765 380
2372 2787 -7844
2373 2675 1347
2374 3163 5050
2376 2452 9849
2379 3401 -7671
2381 3632 3480
2382 3096 -8914
2383 2571 -9731
2384 818 -5750
2387 2570 4215
2391 2484 8649
2396 3461 884
2397 2459 -2423
2402 3352 8923
2405 15 -663
2406 1082 -724
2408 83 -2362
2410 3742 1361
2411 1384 7704
2416 2850 -6865
2417 860 1402
2420 105 735
2421 116 5817
2426 2474 1398
2428 3636 9846
2430 227 3239
2433 1601 -1348
2434 2084 -5369
2436 49 -8022
2438 1522 -8169
2441 2563 -8624
2445 2679 -4201
2448 2575 -6687
2449 3718 2708
2454 1411 -7930
2456 217 -9045
2457 2684 5736
2458 247 -375
2460 404 -6404
2461 1361 3482
2462 291 -3363
2463 2110 -8168
2466 260 -555
2467 2302 -9355
2472 1740 -4245
2473 1497 7436
2474 264 -6242
2480 2524 -3724
2482 3682 9831
2483 2409 -9761
2484 1379 -8404
2485 2734 -4402
2486 1648 -5624
2491 431 -5619
2494 1877 -7959
2500 3854 -9629
2502 762 -6804
2503 1166 6987
2512 3000 2840
2514 2502 -7273
2516 2763 7696
2522 197 -9749
2528 1256 -852
2529 823 5709
2530 1391 6782
2532 2232 4727
2533 3624 -2789
2534 678 -8382
2538 2051 1457
2542 3620 -5219
2547 1854 9485
2548 1409 4158
2550 2777 -1507
2551 3011 2953
2552 774 -9841
2555 3705 -1428
2556 1683 -8681
2561 3239 6992
2562 2251 7912
2563 2410 9602
2568 1418 4946
2569 2683 -6639
2575 2563 78
2577 383 5278
2581 2895 -1390
2583 1703 8952
2586 1119 7398
2589 3593 7084
2590 775 6501
2597 3076 -5335
2601 1983 8129
2608 1116 -793
2610 1480 2730
2611 1375 9727
2612 1804 5665
2613 1003 5871
2620 644 7329
2621 2398 -662
2625 3505 6155
2626 3318 7494
2632 2644 7047
2639 1669 -8226
2643 32 115
2650 2935 4755
2651 3254 7812
2653 3398 -3512
2657 1755 2408
2661 739 -3837
2669 2844 7334
2670 2630 2463
2672 2175 -6581
2676 2785 -5632
2682 389 9148
2689 380 -10
2690 2371 -3013
2694 2402 -4129
2698 3803 -9813
2700 1394 -1665
2701 3766 7048
2704 3650 6099
2706 317 -1265
2708 2090 -7808
2709 3338 -4609
2711 224 253
2714 2294 -4445
2715 2301 -7476
2716 1444 6776
2720 3241 -3219
2723 548 -9398
2724 3550 -9440
2725 2312 7268
2726 1060 1976
2728 1370 7345
2731 2429 -6120
2733 3655 -5596
2736 296 1266
2738 3314 -2521
2739 3809 2315
2740 3511 -3406
2744 679 3677
2745 1185 5637
2753 1819 9498
2756 1003 -8248
2759 3784 -5882
2760 727 5670
2765 1846 -2291
2767 1139 -6177
2768 2033 -2722
2770 1198 9522
2773 3629 3974
2776 3542 -7450
2780 938 9212
2782 2230 3654
2785 3643 6551
2788 3735 2287
2789 3636 -751
2790 776 -2291
2794 1302 3894
2801 1601 2844
2805 3974 7203
2806 1452 5772
2812 1981 -9954
2813 529 -4651
2814 1968 2918
2815 2748 -7468
2822 1585 -435
2824 3766 5221
2835 1676 -4944
2845 1097 2654
2852 1316 -68
2854 2220 266
2856 3294 5384
2857 1086 -8952
2858 1277 -8349
2862 2410 -1561
2867 2883 -3310
2868 1734 -3285
2872 1539 3548
2873 1057 828
2874 561 -6008
2879 3415 4213
2885 3001 1679
2888 2887 4829
2893 1300 4115
2900 81 -6958
2902 1168 1156
2904 3642 3877
2911 62 -1795
2919 2746 -5456
2920 3979 -2547
2923 3101 -8600
2932 1267 9405
2939 466 -3786
2940 3887 5787
2943 2480 6602
2947 140 2654
2952 2099 9900
2955 3525 8981
2960 1314 -903
2961 2889 436
2963 2040 4819
2964 749 5164
2968 2927 -962
2970 899 8600
2972 1089 6796
2974 3532 -9278
2975 3232 -8039
2977 1190 8896
2978 856 -3548
2979 1240 -6263
2980 3082 8040
2982 3714 -1935
2986 1178 2899
2994 1400 -6824
3009 881 3370
3010 1868 -919
3012 2453 -5394
3014 478 7430
3017 3314 -7865
3025 3731 -3286
3026 3718 9619
3028 2310 -5203
3029 2650 -6542
3031 2251 -4494
3033 1952 -9902
3035 2499 6118
3036 3944 4145
3038 2832 -8811
3041 3718 6609
3043 1581 -6996
3047 3047 -2044
3049 2568 6358
3050 1041 -2826
3051 1818 -5609
3052 2123 -3181
3054 3012 3423
3055 1600 -4529
3057 248 8838
3058 3957 8853
3059 1802 -3265
3064 1722 56
3070 2866 6935
3072 3068 8900
3073 73 -4375
3074 2126 -2700
3075 854 9731
3089 2276 5273
3091 1983 -2884
3098 1592 -6095
3100 777 1935
3102 2210 -3859
3103 3928 -1651
3104 1829 -4905
3106 2907 4481
3108 1162 2183
3109 2149 4592
3111 2023 9126
3117 2705 -6585
3123 744 4378
3124 376 7814
3129 793 -8811
3141 1002 -2488
3144 278 -4201
3147 2525 -3074
3148 3774 -2104
3152 1294 2482
3154 718 5905
3156 1713 1052
3157 1119 -8548
3159 337 469
3161 3932 -1214
3164 3330 1211
3175 993 9527
3179 1614 -5097
3180 2784 542
3184 3519 -6939
3187 2736 7689
3190 131 6655
3192 650 9907
3200 3471 1250
3203 119 -5117
3209 1686 -8269
3214 1455 -7301
3215 3252 -7767
3217 621 -7106
3218 2900 9806
3219 88 7511
3227 1708 1295
3233 3969 -7383
3234 3369 -2321
3241 2575 -4671
3242 368 -9462
3247 1029 -6554
3248 2753 -6232
3249 1738 9764
3250 3585 3088
3254 2669 -7871
3259 3961 1333
3261 2086 8466
3262 3096 3661
3265 2197 6493
3266 313 6368
3268 2748 -9682
3269 2707 1485
3270 2675 4738
3271 1693 -9312
3274 3494 1399
3275 2419 -9795
3278 3606 6595
3279 3811 7493
3285 2004 -7756
3288 3698 5334
3293 639 -4547
3297 3595 -8890
3299 2686 8712
3304 2505 8052
3305 601 7332
3307 3124 2207
3308 614 2974
3312 353 8110
3313 1381 -3457
3318 644 7549
3320 2143 -528
3322 1305 -4236
3327 3657 -5810
3328 2431 -8582
3329 2808 5456
3333 1096 -3207
3338 3666 -2009
3340 129 -6712
3342 3546 5907
3353 3671 3087
3358 2135 -8897
3361 2683 2887
3368 128 3086
3372 3664 -2932
3378 348 8919
3382 86 1053
3383 2648 -9957
3386 1272 1120
3388 3501 -9626
3389 3523 -1877
3390 348 -8199
3398 1371 5565
3399 3815 9331
3401 3429 -5110
3407 1077 8392
3409 1031 -8564
3415 1624 1178
3417 3736 -3621
3418 1461 -7317
3419 63 7541
3421 8 4420
3428 3779 9100
3431 3287 6167
3434 2333 5775
3438 3404 -5776
3442 1744 6846
3444 2137 3301
3447 57 -6321
3452 3584 6894
3453 1189 6326
3454 1438 -629
3458 2869 -2699
3459 1833 -4085
3461 2720 -3113
3463 3426 -5641
3465 3501 -5986
3474 416 2686
3475 597 1987
3479 942 8502
3480 2938 1296
3484 3221 9281
3486 1476 -4702
3491 1095 -1472
3492 2865 -5831
3493 2609 -4429
3498 1696 -756
3500 938 5492
3502 2277 -8799
3505 3642 -6472
3507 2423 -465
3508 2591 -8344
3509 1050 3318
3512 3058 -4979
3513 830 -2145
3517 431 -3893
3522 714 2685
3523 3708 -4238
3524 3162 2947
3525 1535 697
3526 2015 3150
3528 3731 5874
3531 2647 -6512
3534 1408 6752
3540 1226 -1650
3545 3100 7858
3548 3420 -4927
3551 1229 8447
3559 239 8857
3566 2843 -5019
3567 3845 2604
3569 583 8815
3571 252 2832
3572 1931 6828
3573 1416 -9543
3575 1807 509
3582 3071 4724
3583 2000 -7554
3584 2821 932
3587 1539 -1058
3588 2447 8503
3590 904 -14
3591 2161 2687
3600 3616 -5978
3601 1258 6252
3603 3613 -6577
3605 2154 -212
3607 677 4251
3610 1348 1139
3619 1283 -2182
3622 1963 -71
3624 3160 8679
3632 3610 -2997
3636 408 -7482
3643 1216 8262
3644 2918 -6719
3646 2533 8152
3651 3874 3902
3654 342 -9326
3660 1911 -9298
3662 74 -8553
3665 3929 -6988
3669 606 -3784
3670 838 -5927
3671 3064 -7912
3676 3026 7896
3677 630 -3785
3683 2685 -277
3687 3689 -4039
3689 3004 8033
3690 1689 294
3693 1329 5553
3694 2636 6811
3697 3855 4880
3699 2083 5167
3713 3910 -3986
3717 3262 6177
3722 437 2098
3724 901 1865
3727 2008 6377
3731 2500 6014
3733 2488 -6348
3735 2795 -1302
3736 3023 6104
3737 1318 -4787
3739 2122 9711
3740 1054 6063
3748 3169 6324
3754 915 -3626
3756 546 -2549
3759 3554 8965
3765 3238 -7429
3767 992 -3507
3771 628 -616
3778 1763 6451
3779 1015 1425
3781 1359 2102
3784 2406 8845
3786 1191 1413
3791 1752 3920
3797 791 -8511
3798 133 8234
3803 2727 1692
3805 2040 7652
3806 2735 9720
3808 186 3160
3813 2423 -6363
3815 3916 -1386
3817 1214 832
3818 2332 7283
3820 251 -6610
3823 1827 6644
3824 215 -1169
3826 3925 7740
3831 781 8931
3843 661 -9488
3844 3178 -3292
3845 2372 -7893
3848 1481 -266
3851 1438 1642
3853 1098 8982
3855 439 -5821
3856 3689 8669
3859 2684 679
3860 1366 1771
3865 2460 -2637
3869 704 -7472
3875 2642 7269
3880 2989 -5617
3882 1116 7394
3889 1888 3572
3896 3681 9168
3899 951 -3499
3900 2704 -4972
3901 2931 6967
3907 133 -4815
3911 3841 -8801
3913 612 3207
3914 923 524
3915 3112 983
3918 761 -3176
3919 1602 4662
3921 2286 -6471
3922 3147 8121
3923 1650 5274
3932 2492 2800
3934 2783 -6938
3945 128 -2791
3948 2536 -8063
3955 2846 7632
3957 2358 -5685
3960 2109 9861
3961 2648 -3884
3962 1606 -8013
3972 2847 -5049
3976 1950 -1371
3978 2396 8279
3979 910 6146
3980 487 6819
3984 499 -5760
3985 1353 1401
3986 2840 3540
3989 816 1169
3991 1616 1580
3995 1976 462
3996 867 -9117
